# Time-averaged data for fix msd_out
# TimeStep c_msd_all[1] c_msd_all[2] c_msd_all[3] c_msd_all[4]
0 0 0 0 0
50 0.0401089 0.0413417 0.0414467 0.122897
100 0.0779375 0.0798969 0.0792993 0.237134
150 0.121089 0.123346 0.119721 0.364155
200 0.161925 0.163412 0.160411 0.485748
250 0.205925 0.212082 0.213715 0.631721
300 0.251351 0.260995 0.261249 0.773595
350 0.306808 0.311573 0.308719 0.927099
400 0.359522 0.36217 0.354997 1.07669
450 0.404406 0.406231 0.403526 1.21416
500 0.445405 0.451922 0.452999 1.35033
550 0.48741 0.494516 0.495449 1.47737
600 0.531603 0.545837 0.545596 1.62304
650 0.578828 0.593461 0.595945 1.76823
700 0.631057 0.641132 0.648703 1.92089
750 0.675803 0.692083 0.702034 2.06992
800 0.723282 0.749663 0.758667 2.23161
850 0.772659 0.80846 0.826499 2.40762
900 0.822163 0.865126 0.889446 2.57674
950 0.865225 0.928147 0.951681 2.74505
1000 0.903523 1.00069 1.00221 2.90642
