# Time-averaged data for fix rdf_out
# TimeStep Number-of-rows
# Row c_rdf_all[1] c_rdf_all[2] c_rdf_all[3]
0 200
1 0.00625 0 0
2 0.01875 0 0
3 0.03125 0 0
4 0.04375 0 0
5 0.05625 0 0
6 0.06875 0 0
7 0.08125 0 0
8 0.09375 0 0
9 0.10625 0 0
10 0.11875 0 0
11 0.13125 0 0
12 0.14375 0 0
13 0.15625 0 0
14 0.16875 0 0
15 0.18125 0 0
16 0.19375 0 0
17 0.20625 0 0
18 0.21875 0 0
19 0.23125 0 0
20 0.24375 0 0
21 0.25625 0 0
22 0.26875 0 0
23 0.28125 0 0
24 0.29375 0 0
25 0.30625 0 0
26 0.31875 0 0
27 0.33125 0 0
28 0.34375 0 0
29 0.35625 0 0
30 0.36875 0 0
31 0.38125 0 0
32 0.39375 0 0
33 0.40625 0 0
34 0.41875 0 0
35 0.43125 0 0
36 0.44375 0 0
37 0.45625 0 0
38 0.46875 0 0
39 0.48125 0 0
40 0.49375 0 0
41 0.50625 0 0
42 0.51875 0 0
43 0.53125 0 0
44 0.54375 0 0
45 0.55625 0 0
46 0.56875 0 0
47 0.58125 0 0
48 0.59375 0 0
49 0.60625 0 0
50 0.61875 0 0
51 0.63125 0 0
52 0.64375 0 0
53 0.65625 0 0
54 0.66875 0 0
55 0.68125 0 0
56 0.69375 0 0
57 0.70625 0 0
58 0.71875 0 0
59 0.73125 0 0
60 0.74375 0 0
61 0.75625 0 0
62 0.76875 0 0
63 0.78125 0 0
64 0.79375 0 0
65 0.80625 0 0
66 0.81875 0 0
67 0.83125 0 0
68 0.84375 0 0
69 0.85625 0 0
70 0.86875 0 0
71 0.88125 0 0
72 0.89375 0 0
73 0.90625 0 0
74 0.91875 0 0
75 0.93125 0 0
76 0.94375 0 0
77 0.95625 0 0
78 0.96875 0 0
79 0.98125 0 0
80 0.99375 0 0
81 1.00625 0 0
82 1.01875 0 0
83 1.03125 0 0
84 1.04375 0 0
85 1.05625 0 0
86 1.06875 0 0
87 1.08125 0 0
88 1.09375 0 0
89 1.10625 0 0
90 1.11875 0 0
91 1.13125 0 0
92 1.14375 0 0
93 1.15625 0 0
94 1.16875 0 0
95 1.18125 0 0
96 1.19375 63.5176 12
97 1.20625 0 12
98 1.21875 0 12
99 1.23125 0 12
100 1.24375 0 12
101 1.25625 0 12
102 1.26875 0 12
103 1.28125 0 12
104 1.29375 0 12
105 1.30625 0 12
106 1.31875 0 12
107 1.33125 0 12
108 1.34375 0 12
109 1.35625 0 12
110 1.36875 0 12
111 1.38125 0 12
112 1.39375 0 12
113 1.40625 0 12
114 1.41875 0 12
115 1.43125 0 12
116 1.44375 0 12
117 1.45625 0 12
118 1.46875 0 12
119 1.48125 0 12
120 1.49375 0 12
121 1.50625 0 12
122 1.51875 0 12
123 1.53125 0 12
124 1.54375 0 12
125 1.55625 0 12
126 1.56875 0 12
127 1.58125 0 12
128 1.59375 0 12
129 1.60625 0 12
130 1.61875 0 12
131 1.63125 0 12
132 1.64375 0 12
133 1.65625 0 12
134 1.66875 0 12
135 1.68125 16.0114 18
136 1.69375 0 18
137 1.70625 0 18
138 1.71875 0 18
139 1.73125 0 18
140 1.74375 0 18
141 1.75625 0 18
142 1.76875 0 18
143 1.78125 0 18
144 1.79375 0 18
145 1.80625 0 18
146 1.81875 0 18
147 1.83125 0 18
148 1.84375 0 18
149 1.85625 0 18
150 1.86875 0 18
151 1.88125 0 18
152 1.89375 0 18
153 1.90625 0 18
154 1.91875 0 18
155 1.93125 0 18
156 1.94375 0 18
157 1.95625 0 18
158 1.96875 0 18
159 1.98125 0 18
160 1.99375 0 18
161 2.00625 0 18
162 2.01875 0 18
163 2.03125 0 18
164 2.04375 0 18
165 2.05625 42.8155 42
166 2.06875 0 42
167 2.08125 0 42
168 2.09375 0 42
169 2.10625 0 42
170 2.11875 0 42
171 2.13125 0 42
172 2.14375 0 42
173 2.15625 0 42
174 2.16875 0 42
175 2.18125 0 42
176 2.19375 0 42
177 2.20625 0 42
178 2.21875 0 42
179 2.23125 0 42
180 2.24375 0 42
181 2.25625 0 42
182 2.26875 0 42
183 2.28125 0 42
184 2.29375 0 42
185 2.30625 0 42
186 2.31875 0 42
187 2.33125 0 42
188 2.34375 0 42
189 2.35625 0 42
190 2.36875 0 42
191 2.38125 15.963 54
192 2.39375 0 54
193 2.40625 0 54
194 2.41875 0 54
195 2.43125 0 54
196 2.44375 0 54
197 2.45625 0 54
198 2.46875 0 54
199 2.48125 0 54
200 2.49375 0 54
50 200
1 0.00625 0 0
2 0.01875 0 0
3 0.03125 0 0
4 0.04375 0 0
5 0.05625 0 0
6 0.06875 0 0
7 0.08125 0 0
8 0.09375 0 0
9 0.10625 0 0
10 0.11875 0 0
11 0.13125 0 0
12 0.14375 0 0
13 0.15625 0 0
14 0.16875 0 0
15 0.18125 0 0
16 0.19375 0 0
17 0.20625 0 0
18 0.21875 0 0
19 0.23125 0 0
20 0.24375 0 0
21 0.25625 0 0
22 0.26875 0 0
23 0.28125 0 0
24 0.29375 0 0
25 0.30625 0 0
26 0.31875 0 0
27 0.33125 0 0
28 0.34375 0 0
29 0.35625 0 0
30 0.36875 0 0
31 0.38125 0 0
32 0.39375 0 0
33 0.40625 0 0
34 0.41875 0 0
35 0.43125 0 0
36 0.44375 0 0
37 0.45625 0 0
38 0.46875 0 0
39 0.48125 0 0
40 0.49375 0 0
41 0.50625 0 0
42 0.51875 0 0
43 0.53125 0 0
44 0.54375 0 0
45 0.55625 0 0
46 0.56875 0 0
47 0.58125 0 0
48 0.59375 0 0
49 0.60625 0 0
50 0.61875 0 0
51 0.63125 0 0
52 0.64375 0 0
53 0.65625 0 0
54 0.66875 0 0
55 0.68125 0 0
56 0.69375 0 0
57 0.70625 0 0
58 0.71875 0 0
59 0.73125 0 0
60 0.74375 0 0
61 0.75625 0 0
62 0.76875 0 0
63 0.78125 0 0
64 0.79375 0 0
65 0.80625 0 0
66 0.81875 0 0
67 0.83125 0 0
68 0.84375 0 0
69 0.85625 0 0
70 0.86875 0 0
71 0.88125 0.00485633 0.0005
72 0.89375 0.0377715 0.0045
73 0.90625 0.0780655 0.013
74 0.91875 0.214463 0.037
75 0.93125 0.352257 0.0775
76 0.94375 0.702912 0.1605
77 0.95625 0.98574 0.28
78 0.96875 1.24981 0.4355
79 0.98125 1.48061 0.6245
80 0.99375 1.92479 0.8765
81 1.00625 2.04861 1.1515
82 1.01875 2.19487 1.4535
83 1.03125 2.34413 1.784
84 1.04375 2.55489 2.153
85 1.05625 2.3697 2.5035
86 1.06875 2.48959 2.8805
87 1.08125 2.30332 3.2375
88 1.09375 2.30457 3.603
89 1.10625 2.2836 3.9735
90 1.11875 2.10931 4.3235
91 1.13125 2.20736 4.698
92 1.14375 1.94892 5.036
93 1.15625 1.83366 5.361
94 1.16875 1.68421 5.666
95 1.18125 1.72173 5.9845
96 1.19375 1.55883 6.279
97 1.20625 1.5863 6.585
98 1.21875 1.5387 6.888
99 1.23125 1.4081 7.171
100 1.24375 1.2751 7.4325
101 1.25625 1.17338 7.678
102 1.26875 1.10352 7.9135
103 1.28125 1.21534 8.178
104 1.29375 1.06128 8.4135
105 1.30625 1.01454 8.643
106 1.31875 1.01275 8.8765
107 1.33125 0.944874 9.0985
108 1.34375 0.854273 9.303
109 1.35625 0.873455 9.516
110 1.36875 0.871666 9.7325
111 1.38125 0.8441 9.946
112 1.39375 0.829027 10.1595
113 1.40625 0.75714 10.358
114 1.41875 0.758846 10.5605
115 1.43125 0.773266 10.7705
116 1.44375 0.709272 10.9665
117 1.45625 0.700705 11.1635
118 1.46875 0.704563 11.365
119 1.48125 0.7271 11.5765
120 1.49375 0.654133 11.77
121 1.50625 0.641659 11.963
122 1.51875 0.685097 12.1725
123 1.53125 0.678783 12.3835
124 1.54375 0.712147 12.6085
125 1.55625 0.717882 12.839
126 1.56875 0.660512 13.0545
127 1.58125 0.701396 13.287
128 1.59375 0.675588 13.5145
129 1.60625 0.688503 13.75
130 1.61875 0.736922 14.006
131 1.63125 0.69449 14.251
132 1.64375 0.696531 14.5005
133 1.65625 0.70393 14.7565
134 1.66875 0.758432 15.0365
135 1.68125 0.748531 15.317
136 1.69375 0.742782 15.5995
137 1.70625 0.765621 15.895
138 1.71875 0.778782 16.2
139 1.73125 0.78771 16.513
140 1.74375 0.817388 16.8425
141 1.75625 0.859596 17.194
142 1.76875 0.876422 17.5575
143 1.78125 0.839202 17.9105
144 1.79375 0.915459 18.301
145 1.80625 1.00918 18.7375
146 1.81875 0.939492 19.1495
147 1.83125 0.976194 19.5835
148 1.84375 1.00627 20.037
149 1.85625 1.03545 20.51
150 1.86875 1.03029 20.987
151 1.88125 1.0987 21.5025
152 1.89375 0.992747 21.9745
153 1.90625 1.04412 22.4775
154 1.91875 1.10534 23.017
155 1.93125 1.15883 23.59
156 1.94375 1.11802 24.15
157 1.95625 1.15404 24.7355
158 1.96875 1.18614 25.345
159 1.98125 1.20388 25.9715
160 1.99375 1.2154 26.612
161 2.00625 1.22092 27.2635
162 2.01875 1.24101 27.934
163 2.03125 1.25138 28.6185
164 2.04375 1.24515 29.308
165 2.05625 1.20686 29.9845
166 2.06875 1.19937 30.665
167 2.08125 1.19023 31.3485
168 2.09375 1.19843 32.045
169 2.10625 1.1681 32.732
170 2.11875 1.1804 33.4345
171 2.13125 1.17656 34.143
172 2.14375 1.12841 34.8305
173 2.15625 1.16403 35.548
174 2.16875 1.10174 36.235
175 2.18125 1.10738 36.9335
176 2.19375 1.11753 37.6465
177 2.20625 1.06228 38.332
178 2.21875 1.12619 39.067
179 2.23125 1.07194 39.7745
180 2.24375 1.04131 40.4695
181 2.25625 1.04536 41.175
182 2.26875 1.02947 41.8775
183 2.28125 1.00808 42.573
184 2.29375 0.973464 43.252
185 2.30625 1.01116 43.965
186 2.31875 0.990465 44.671
187 2.33125 0.972932 45.372
188 2.34375 0.954343 46.067
189 2.35625 0.93881 46.758
190 2.36875 0.965225 47.476
191 2.38125 0.925852 48.172
192 2.39375 0.967547 48.907
193 2.40625 0.969897 49.6515
194 2.41875 0.905102 50.3535
195 2.43125 0.921979 51.076
196 2.44375 0.923307 51.807
197 2.45625 0.917684 52.541
198 2.46875 0.883044 53.2545
199 2.48125 0.921339 54.0065
200 2.49375 0.943055 54.784
100 200
1 0.00625 0 0
2 0.01875 0 0
3 0.03125 0 0
4 0.04375 0 0
5 0.05625 0 0
6 0.06875 0 0
7 0.08125 0 0
8 0.09375 0 0
9 0.10625 0 0
10 0.11875 0 0
11 0.13125 0 0
12 0.14375 0 0
13 0.15625 0 0
14 0.16875 0 0
15 0.18125 0 0
16 0.19375 0 0
17 0.20625 0 0
18 0.21875 0 0
19 0.23125 0 0
20 0.24375 0 0
21 0.25625 0 0
22 0.26875 0 0
23 0.28125 0 0
24 0.29375 0 0
25 0.30625 0 0
26 0.31875 0 0
27 0.33125 0 0
28 0.34375 0 0
29 0.35625 0 0
30 0.36875 0 0
31 0.38125 0 0
32 0.39375 0 0
33 0.40625 0 0
34 0.41875 0 0
35 0.43125 0 0
36 0.44375 0 0
37 0.45625 0 0
38 0.46875 0 0
39 0.48125 0 0
40 0.49375 0 0
41 0.50625 0 0
42 0.51875 0 0
43 0.53125 0 0
44 0.54375 0 0
45 0.55625 0 0
46 0.56875 0 0
47 0.58125 0 0
48 0.59375 0 0
49 0.60625 0 0
50 0.61875 0 0
51 0.63125 0 0
52 0.64375 0 0
53 0.65625 0 0
54 0.66875 0 0
55 0.68125 0 0
56 0.69375 0 0
57 0.70625 0 0
58 0.71875 0 0
59 0.73125 0 0
60 0.74375 0 0
61 0.75625 0 0
62 0.76875 0 0
63 0.78125 0 0
64 0.79375 0 0
65 0.80625 0 0
66 0.81875 0 0
67 0.83125 0 0
68 0.84375 0 0
69 0.85625 0 0
70 0.86875 0.00499708 0.0005
71 0.88125 0 0.0005
72 0.89375 0.0283286 0.0035
73 0.90625 0.0826576 0.0125
74 0.91875 0.192123 0.034
75 0.93125 0.460978 0.087
76 0.94375 0.647865 0.1635
77 0.95625 0.973366 0.2815
78 0.96875 1.2699 0.4395
79 0.98125 1.61378 0.6455
80 0.99375 1.94389 0.9
81 1.00625 2.28327 1.2065
82 1.01875 2.23848 1.5145
83 1.03125 2.30512 1.8395
84 1.04375 2.29524 2.171
85 1.05625 2.47787 2.5375
86 1.06875 2.45987 2.91
87 1.08125 2.41946 3.285
88 1.09375 2.31403 3.652
89 1.10625 2.22813 4.0135
90 1.11875 2.1515 4.3705
91 1.13125 2.02464 4.714
92 1.14375 1.96622 5.055
93 1.15625 1.82802 5.379
94 1.16875 1.67593 5.6825
95 1.18125 1.6974 5.9965
96 1.19375 1.53765 6.287
97 1.20625 1.5552 6.587
98 1.21875 1.4676 6.876
99 1.23125 1.37327 7.152
100 1.24375 1.28486 7.4155
101 1.25625 1.13753 7.6535
102 1.26875 1.22066 7.914
103 1.28125 1.03155 8.1385
104 1.29375 1.11311 8.3855
105 1.30625 0.946022 8.5995
106 1.31875 0.96504 8.822
107 1.33125 0.906568 9.035
108 1.34375 0.944086 9.261
109 1.35625 0.900109 9.4805
110 1.36875 0.865626 9.6955
111 1.38125 0.838169 9.9075
112 1.39375 0.764957 10.1045
113 1.40625 0.79719 10.3135
114 1.41875 0.717625 10.505
115 1.43125 0.677528 10.689
116 1.44375 0.725556 10.8895
117 1.45625 0.746944 11.0995
118 1.46875 0.653863 11.2865
119 1.48125 0.733976 11.5
120 1.49375 0.674416 11.6995
121 1.50625 0.713139 11.914
122 1.51875 0.704718 12.1295
123 1.53125 0.690043 12.344
124 1.54375 0.667836 12.555
125 1.55625 0.677394 12.7725
126 1.56875 0.69576 12.9995
127 1.58125 0.68782 13.2275
128 1.59375 0.708254 13.466
129 1.60625 0.685579 13.7005
130 1.61875 0.703818 13.945
131 1.63125 0.738428 14.2055
132 1.64375 0.707698 14.459
133 1.65625 0.730052 14.7245
134 1.66875 0.735408 14.996
135 1.68125 0.793896 15.2935
136 1.69375 0.765131 15.5845
137 1.70625 0.752666 15.875
138 1.71875 0.799209 16.188
139 1.73125 0.812876 16.511
140 1.74375 0.840955 16.85
141 1.75625 0.924402 17.228
142 1.76875 0.898121 17.6005
143 1.78125 0.908145 17.9825
144 1.79375 0.955312 18.39
145 1.80625 0.999936 18.8225
146 1.81875 0.941772 19.2355
147 1.83125 0.990814 19.676
148 1.84375 0.982972 20.119
149 1.85625 1.03764 20.593
150 1.86875 1.04217 21.0755
151 1.88125 1.1296 21.6055
152 1.89375 1.05585 22.1075
153 1.90625 1.03582 22.6065
154 1.91875 1.07973 23.1335
155 1.93125 1.11535 23.685
156 1.94375 1.19788 24.285
157 1.95625 1.1974 24.8925
158 1.96875 1.15305 25.485
159 1.98125 1.21926 26.1195
160 1.99375 1.16796 26.735
161 2.00625 1.15064 27.349
162 2.01875 1.14569 27.968
163 2.03125 1.23401 28.643
164 2.04375 1.16749 29.2895
165 2.05625 1.20508 29.965
166 2.06875 1.23815 30.6675
167 2.08125 1.24073 31.38
168 2.09375 1.18811 32.0705
169 2.10625 1.163 32.7545
170 2.11875 1.21737 33.479
171 2.13125 1.1284 34.1585
172 2.14375 1.15959 34.865
173 2.15625 1.19324 35.6005
174 2.16875 1.11297 36.2945
175 2.18125 1.08994 36.982
176 2.19375 1.06659 37.6625
177 2.20625 1.09638 38.37
178 2.21875 1.08329 39.077
179 2.23125 1.08937 39.796
180 2.24375 1.03157 40.4845
181 2.25625 1.09055 41.2205
182 2.26875 0.973054 41.8845
183 2.28125 1.02619 42.5925
184 2.29375 0.98565 43.28
185 2.30625 0.988467 43.977
186 2.31875 0.977839 44.674
187 2.33125 0.965299 45.3695
188 2.34375 0.911089 46.033
189 2.35625 0.927262 46.7155
190 2.36875 0.941027 47.4155
191 2.38125 0.908559 48.0985
192 2.39375 0.946485 48.8175
193 2.40625 0.934723 49.535
194 2.41875 0.912838 50.243
195 2.43125 0.87604 50.9295
196 2.44375 0.946674 51.679
197 2.45625 0.910808 52.4075
198 2.46875 0.911509 53.144
199 2.48125 0.904186 53.882
200 2.49375 0.87695 54.605
150 200
1 0.00625 0 0
2 0.01875 0 0
3 0.03125 0 0
4 0.04375 0 0
5 0.05625 0 0
6 0.06875 0 0
7 0.08125 0 0
8 0.09375 0 0
9 0.10625 0 0
10 0.11875 0 0
11 0.13125 0 0
12 0.14375 0 0
13 0.15625 0 0
14 0.16875 0 0
15 0.18125 0 0
16 0.19375 0 0
17 0.20625 0 0
18 0.21875 0 0
19 0.23125 0 0
20 0.24375 0 0
21 0.25625 0 0
22 0.26875 0 0
23 0.28125 0 0
24 0.29375 0 0
25 0.30625 0 0
26 0.31875 0 0
27 0.33125 0 0
28 0.34375 0 0
29 0.35625 0 0
30 0.36875 0 0
31 0.38125 0 0
32 0.39375 0 0
33 0.40625 0 0
34 0.41875 0 0
35 0.43125 0 0
36 0.44375 0 0
37 0.45625 0 0
38 0.46875 0 0
39 0.48125 0 0
40 0.49375 0 0
41 0.50625 0 0
42 0.51875 0 0
43 0.53125 0 0
44 0.54375 0 0
45 0.55625 0 0
46 0.56875 0 0
47 0.58125 0 0
48 0.59375 0 0
49 0.60625 0 0
50 0.61875 0 0
51 0.63125 0 0
52 0.64375 0 0
53 0.65625 0 0
54 0.66875 0 0
55 0.68125 0 0
56 0.69375 0 0
57 0.70625 0 0
58 0.71875 0 0
59 0.73125 0 0
60 0.74375 0 0
61 0.75625 0 0
62 0.76875 0 0
63 0.78125 0 0
64 0.79375 0 0
65 0.80625 0 0
66 0.81875 0 0
67 0.83125 0 0
68 0.84375 0 0
69 0.85625 0 0
70 0.86875 0 0
71 0.88125 0.014569 0.0015
72 0.89375 0.0188857 0.0035
73 0.90625 0.133171 0.018
74 0.91875 0.272547 0.0485
75 0.93125 0.387048 0.093
76 0.94375 0.711381 0.177
77 0.95625 1.03936 0.303
78 0.96875 1.18149 0.45
79 0.98125 1.56286 0.6495
80 0.99375 1.71856 0.8745
81 1.00625 2.15662 1.164
82 1.01875 2.26755 1.476
83 1.03125 2.49662 1.828
84 1.04375 2.55835 2.1975
85 1.05625 2.47787 2.564
86 1.06875 2.41365 2.9295
87 1.08125 2.39687 3.301
88 1.09375 2.31088 3.6675
89 1.10625 2.34524 4.048
90 1.11875 2.16054 4.4065
91 1.13125 1.95686 4.7385
92 1.14375 1.92585 5.0725
93 1.15625 1.87033 5.404
94 1.16875 1.73943 5.719
95 1.18125 1.7866 6.0495
96 1.19375 1.5006 6.333
97 1.20625 1.43856 6.6105
98 1.21875 1.39651 6.8855
99 1.23125 1.40561 7.168
100 1.24375 1.30436 7.4355
101 1.25625 1.24507 7.696
102 1.26875 1.08243 7.927
103 1.28125 1.00857 8.1465
104 1.29375 1.05677 8.381
105 1.30625 0.877502 8.5795
106 1.31875 0.954197 8.7995
107 1.33125 0.961899 9.0255
108 1.34375 0.898135 9.2405
109 1.35625 0.836548 9.4445
110 1.36875 0.863613 9.659
111 1.38125 0.796656 9.8605
112 1.39375 0.803787 10.0675
113 1.40625 0.766675 10.2685
114 1.41875 0.702635 10.456
115 1.43125 0.811929 10.6765
116 1.44375 0.683941 10.8655
117 1.45625 0.713154 11.066
118 1.46875 0.702815 11.267
119 1.48125 0.709911 11.4735
120 1.49375 0.730195 11.6895
121 1.50625 0.7281 11.9085
122 1.51875 0.685097 12.118
123 1.53125 0.728647 12.3445
124 1.54375 0.650427 12.55
125 1.55625 0.688295 12.771
126 1.56875 0.700358 12.9995
127 1.58125 0.666703 13.2205
128 1.59375 0.632529 13.4335
129 1.60625 0.73528 13.685
130 1.61875 0.675032 13.9195
131 1.63125 0.732758 14.178
132 1.64375 0.752365 14.4475
133 1.65625 0.728678 14.7125
134 1.66875 0.731345 14.9825
135 1.68125 0.781888 15.2755
136 1.69375 0.771704 15.569
137 1.70625 0.804485 15.8795
138 1.71875 0.819636 16.2005
139 1.73125 0.829234 16.53
140 1.74375 0.840955 16.869
141 1.75625 0.881605 17.2295
142 1.76875 0.924643 17.613
143 1.78125 0.914088 17.9975
144 1.79375 0.854506 18.362
145 1.80625 0.949072 18.7725
146 1.81875 1.02728 19.223
147 1.83125 0.948078 19.6445
148 1.84375 1.0218 20.105
149 1.85625 1.01028 20.5665
150 1.86875 1.06268 21.0585
151 1.88125 1.08058 21.5655
152 1.89375 1.10527 22.091
153 1.90625 1.09498 22.6185
154 1.91875 1.08895 23.15
155 1.93125 1.14265 23.715
156 1.94375 1.16094 24.2965
157 1.95625 1.15404 24.882
158 1.96875 1.13262 25.464
159 1.98125 1.21349 26.0955
160 1.99375 1.22394 26.7405
161 2.00625 1.23497 27.3995
162 2.01875 1.18734 28.041
163 2.03125 1.22853 28.713
164 2.04375 1.17833 29.3655
165 2.05625 1.19884 30.0375
166 2.06875 1.21259 30.7255
167 2.08125 1.21722 31.4245
168 2.09375 1.13907 32.0865
169 2.10625 1.20465 32.795
170 2.11875 1.2098 33.515
171 2.13125 1.14999 34.2075
172 2.14375 1.15385 34.9105
173 2.15625 1.1324 35.6085
174 2.16875 1.11457 36.3035
175 2.18125 1.08757 36.9895
176 2.19375 1.12615 37.708
177 2.20625 1.08398 38.4075
178 2.21875 1.02277 39.075
179 2.23125 1.04013 39.7615
180 2.24375 1.03456 40.452
181 2.25625 1.05203 41.162
182 2.26875 1.04852 41.8775
183 2.28125 0.994307 42.5635
184 2.29375 0.971313 43.241
185 2.30625 0.943795 43.9065
186 2.31875 0.971526 44.599
187 2.33125 0.959747 45.2905
188 2.34375 0.977687 46.0025
189 2.35625 0.933375 46.6895
190 2.36875 0.898008 47.3575
191 2.38125 0.925852 48.0535
192 2.39375 0.953067 48.7775
193 2.40625 0.884567 49.4565
194 2.41875 0.920574 50.1705
195 2.43125 0.897733 50.874
196 2.44375 0.930254 51.6105
197 2.45625 0.891429 52.3235
198 2.46875 0.917697 53.065
199 2.48125 0.866205 53.772
200 2.49375 0.899389 54.5135
200 200
1 0.00625 0 0
2 0.01875 0 0
3 0.03125 0 0
4 0.04375 0 0
5 0.05625 0 0
6 0.06875 0 0
7 0.08125 0 0
8 0.09375 0 0
9 0.10625 0 0
10 0.11875 0 0
11 0.13125 0 0
12 0.14375 0 0
13 0.15625 0 0
14 0.16875 0 0
15 0.18125 0 0
16 0.19375 0 0
17 0.20625 0 0
18 0.21875 0 0
19 0.23125 0 0
20 0.24375 0 0
21 0.25625 0 0
22 0.26875 0 0
23 0.28125 0 0
24 0.29375 0 0
25 0.30625 0 0
26 0.31875 0 0
27 0.33125 0 0
28 0.34375 0 0
29 0.35625 0 0
30 0.36875 0 0
31 0.38125 0 0
32 0.39375 0 0
33 0.40625 0 0
34 0.41875 0 0
35 0.43125 0 0
36 0.44375 0 0
37 0.45625 0 0
38 0.46875 0 0
39 0.48125 0 0
40 0.49375 0 0
41 0.50625 0 0
42 0.51875 0 0
43 0.53125 0 0
44 0.54375 0 0
45 0.55625 0 0
46 0.56875 0 0
47 0.58125 0 0
48 0.59375 0 0
49 0.60625 0 0
50 0.61875 0 0
51 0.63125 0 0
52 0.64375 0 0
53 0.65625 0 0
54 0.66875 0 0
55 0.68125 0 0
56 0.69375 0 0
57 0.70625 0 0
58 0.71875 0 0
59 0.73125 0 0
60 0.74375 0 0
61 0.75625 0 0
62 0.76875 0 0
63 0.78125 0 0
64 0.79375 0 0
65 0.80625 0 0
66 0.81875 0 0
67 0.83125 0 0
68 0.84375 0 0
69 0.85625 0.00514404 0.0005
70 0.86875 0.00499708 0.001
71 0.88125 0.0339943 0.0045
72 0.89375 0.0424929 0.009
73 0.90625 0.0918418 0.019
74 0.91875 0.174252 0.0385
75 0.93125 0.408792 0.0855
76 0.94375 0.635162 0.1605
77 0.95625 0.895002 0.269
78 0.96875 1.18149 0.416
79 0.98125 1.52369 0.6105
80 0.99375 1.82168 0.849
81 1.00625 2.07841 1.128
82 1.01875 2.44561 1.4645
83 1.03125 2.40796 1.804
84 1.04375 2.48911 2.1635
85 1.05625 2.43393 2.5235
86 1.06875 2.40704 2.888
87 1.08125 2.44526 3.267
88 1.09375 2.38023 3.6445
89 1.10625 2.23121 4.0065
90 1.11875 2.1515 4.3635
91 1.13125 2.06296 4.7135
92 1.14375 2.06712 5.072
93 1.15625 1.92675 5.4135
94 1.16875 1.77256 5.7345
95 1.18125 1.68119 6.0455
96 1.19375 1.62764 6.353
97 1.20625 1.4904 6.6405
98 1.21875 1.43713 6.9235
99 1.23125 1.28122 7.181
100 1.24375 1.21415 7.43
101 1.25625 1.18533 7.678
102 1.26875 1.11757 7.9165
103 1.28125 1.09358 8.1545
104 1.29375 1.01847 8.3805
105 1.30625 0.937181 8.5925
106 1.31875 1.02576 8.829
107 1.33125 0.802292 9.0175
108 1.34375 0.862628 9.224
109 1.35625 0.916512 9.4475
110 1.36875 0.879718 9.666
111 1.38125 0.857937 9.883
112 1.39375 0.815436 10.093
113 1.40625 0.738068 10.2865
114 1.41875 0.717625 10.478
115 1.43125 0.734603 10.6775
116 1.44375 0.727366 10.8785
117 1.45625 0.709597 11.078
118 1.46875 0.704563 11.2795
119 1.48125 0.670376 11.4745
120 1.49375 0.755549 11.698
121 1.50625 0.653295 11.8945
122 1.51875 0.644221 12.0915
123 1.53125 0.722213 12.316
124 1.54375 0.666253 12.5265
125 1.55625 0.738126 12.7635
126 1.56875 0.642122 12.973
127 1.58125 0.711954 13.209
128 1.59375 0.691921 13.442
129 1.60625 0.692888 13.679
130 1.61875 0.675032 13.9135
131 1.63125 0.687404 14.156
132 1.64375 0.718864 14.4135
133 1.65625 0.731427 14.6795
134 1.66875 0.767913 14.963
135 1.68125 0.797899 15.262
136 1.69375 0.784851 15.5605
137 1.70625 0.778575 15.861
138 1.71875 0.819636 16.182
139 1.73125 0.80281 16.501
140 1.74375 0.863281 16.849
141 1.75625 0.884051 17.2105
142 1.76875 0.863161 17.5685
143 1.78125 0.9129 17.9525
144 1.79375 0.875605 18.326
145 1.80625 0.968724 18.745
146 1.81875 0.934931 19.155
147 1.83125 1.00656 19.6025
148 1.84375 1.04732 20.0745
149 1.85625 1.03545 20.5475
150 1.86875 1.02165 21.0205
151 1.88125 1.09976 21.5365
152 1.89375 1.13892 22.078
153 1.90625 1.08667 22.6015
154 1.91875 1.12685 23.1515
155 1.93125 1.15175 23.721
156 1.94375 1.17791 24.311
157 1.95625 1.15502 24.897
158 1.96875 1.14332 25.4845
159 1.98125 1.18082 26.099
160 1.99375 1.20781 26.7355
161 2.00625 1.21061 27.3815
162 2.01875 1.2114 28.036
163 2.03125 1.20202 28.6935
164 2.04375 1.24424 29.3825
165 2.05625 1.24254 30.079
166 2.06875 1.20907 30.765
167 2.08125 1.2268 31.4695
168 2.09375 1.18467 32.158
169 2.10625 1.14854 32.8335
170 2.11875 1.16528 33.527
171 2.13125 1.10266 34.191
172 2.14375 1.14154 34.8865
173 2.15625 1.1032 35.5665
174 2.16875 1.15065 36.284
175 2.18125 1.1597 37.0155
176 2.19375 1.05091 37.686
177 2.20625 1.0956 38.393
178 2.21875 1.08176 39.099
179 2.23125 1.03482 39.782
180 2.24375 1.03306 40.4715
181 2.25625 0.972753 41.128
182 2.26875 0.954736 41.7795
183 2.28125 1.02112 42.484
184 2.29375 1.02794 43.201
185 2.30625 0.966486 43.8825
186 2.31875 0.951885 44.561
187 2.33125 0.942398 45.24
188 2.34375 0.949537 45.9315
189 2.35625 0.967341 46.6435
190 2.36875 0.921534 47.329
191 2.38125 0.96576 48.055
192 2.39375 0.94451 48.7725
193 2.40625 0.94775 49.5
194 2.41875 0.907681 50.204
195 2.43125 0.918151 50.9235
196 2.44375 0.877837 51.6185
197 2.45625 0.924561 52.358
198 2.46875 0.904083 53.0885
199 2.48125 0.871719 53.8
200 2.49375 0.898177 54.5405
250 200
1 0.00625 0 0
2 0.01875 0 0
3 0.03125 0 0
4 0.04375 0 0
5 0.05625 0 0
6 0.06875 0 0
7 0.08125 0 0
8 0.09375 0 0
9 0.10625 0 0
10 0.11875 0 0
11 0.13125 0 0
12 0.14375 0 0
13 0.15625 0 0
14 0.16875 0 0
15 0.18125 0 0
16 0.19375 0 0
17 0.20625 0 0
18 0.21875 0 0
19 0.23125 0 0
20 0.24375 0 0
21 0.25625 0 0
22 0.26875 0 0
23 0.28125 0 0
24 0.29375 0 0
25 0.30625 0 0
26 0.31875 0 0
27 0.33125 0 0
28 0.34375 0 0
29 0.35625 0 0
30 0.36875 0 0
31 0.38125 0 0
32 0.39375 0 0
33 0.40625 0 0
34 0.41875 0 0
35 0.43125 0 0
36 0.44375 0 0
37 0.45625 0 0
38 0.46875 0 0
39 0.48125 0 0
40 0.49375 0 0
41 0.50625 0 0
42 0.51875 0 0
43 0.53125 0 0
44 0.54375 0 0
45 0.55625 0 0
46 0.56875 0 0
47 0.58125 0 0
48 0.59375 0 0
49 0.60625 0 0
50 0.61875 0 0
51 0.63125 0 0
52 0.64375 0 0
53 0.65625 0 0
54 0.66875 0 0
55 0.68125 0 0
56 0.69375 0 0
57 0.70625 0 0
58 0.71875 0 0
59 0.73125 0 0
60 0.74375 0 0
61 0.75625 0 0
62 0.76875 0 0
63 0.78125 0 0
64 0.79375 0 0
65 0.80625 0 0
66 0.81875 0 0
67 0.83125 0 0
68 0.84375 0 0
69 0.85625 0 0
70 0.86875 0 0
71 0.88125 0.00485633 0.0005
72 0.89375 0.0472144 0.0055
73 0.90625 0.105618 0.017
74 0.91875 0.201059 0.0395
75 0.93125 0.456629 0.092
76 0.94375 0.605521 0.1635
77 0.95625 0.977491 0.282
78 0.96875 1.22168 0.434
79 0.98125 1.69996 0.651
80 0.99375 2.06992 0.922
81 1.00625 2.16407 1.2125
82 1.01875 2.23121 1.5195
83 1.03125 2.47534 1.8685
84 1.04375 2.3991 2.215
85 1.05625 2.27166 2.551
86 1.06875 2.5028 2.93
87 1.08125 2.38074 3.299
88 1.09375 2.23836 3.654
89 1.10625 2.3853 4.041
90 1.11875 2.06411 4.3835
91 1.13125 2.08948 4.738
92 1.14375 1.85666 5.06
93 1.15625 1.81673 5.382
94 1.16875 1.77256 5.703
95 1.18125 1.72443 6.022
96 1.19375 1.53236 6.3115
97 1.20625 1.49299 6.5995
98 1.21875 1.35588 6.8665
99 1.23125 1.31854 7.1315
100 1.24375 1.24828 7.3875
101 1.25625 1.22835 7.6445
102 1.26875 1.14803 7.8895
103 1.28125 1.05682 8.1195
104 1.29375 0.973404 8.3355
105 1.30625 0.941601 8.5485
106 1.31875 0.967208 8.7715
107 1.33125 0.846982 8.9705
108 1.34375 0.944086 9.1965
109 1.35625 0.838599 9.401
110 1.36875 0.779064 9.5945
111 1.38125 0.861891 9.8125
112 1.39375 0.906687 10.046
113 1.40625 0.736161 10.239
114 1.41875 0.755099 10.4405
115 1.43125 0.725397 10.6375
116 1.44375 0.734603 10.8405
117 1.45625 0.823417 11.072
118 1.46875 0.64687 11.257
119 1.48125 0.649749 11.446
120 1.49375 0.643991 11.6365
121 1.50625 0.709814 11.85
122 1.51875 0.745595 12.078
123 1.53125 0.701302 12.296
124 1.54375 0.72006 12.5235
125 1.55625 0.725668 12.7565
126 1.56875 0.681967 12.979
127 1.58125 0.714971 13.216
128 1.59375 0.715678 13.457
129 1.60625 0.700197 13.6965
130 1.61875 0.6592 13.9255
131 1.63125 0.75827 14.193
132 1.64375 0.735615 14.4565
133 1.65625 0.786422 14.7425
134 1.66875 0.728637 15.0115
135 1.68125 0.819248 15.3185
136 1.69375 0.757243 15.6065
137 1.70625 0.813553 15.9205
138 1.71875 0.763462 16.2195
139 1.73125 0.854401 16.559
140 1.74375 0.838474 16.897
141 1.75625 0.859596 17.2485
142 1.76875 0.88486 17.6155
143 1.78125 0.889126 17.9895
144 1.79375 0.936558 18.389
145 1.80625 0.951384 18.8005
146 1.81875 1.00448 19.241
147 1.83125 0.978443 19.676
148 1.84375 1.02735 20.139
149 1.85625 0.940225 20.5685
150 1.86875 1.08536 21.071
151 1.88125 1.03689 21.5575
152 1.89375 1.07267 22.0675
153 1.90625 1.14895 22.621
154 1.91875 1.11456 23.165
155 1.93125 1.13658 23.727
156 1.94375 1.15296 24.3045
157 1.95625 1.15601 24.891
158 1.96875 1.17251 25.4935
159 1.98125 1.19908 26.1175
160 1.99375 1.14993 26.7235
161 2.00625 1.21998 27.3745
162 2.01875 1.20492 28.0255
163 2.03125 1.25138 28.71
164 2.04375 1.15395 29.349
165 2.05625 1.19616 30.0195
166 2.06875 1.20907 30.7055
167 2.08125 1.19372 31.391
168 2.09375 1.17778 32.0755
169 2.10625 1.18255 32.771
170 2.11875 1.19132 33.48
171 2.13125 1.1367 34.1645
172 2.14375 1.17929 34.883
173 2.15625 1.1543 35.5945
174 2.16875 1.14424 36.308
175 2.18125 1.06061 36.977
176 2.19375 1.14182 37.7055
177 2.20625 1.08553 38.406
178 2.21875 1.0764 39.1085
179 2.23125 1.06816 39.8135
180 2.24375 1.02707 40.499
181 2.25625 1.02461 41.1905
182 2.26875 0.99064 41.8665
183 2.28125 0.989234 42.549
184 2.29375 1.00357 43.249
185 2.30625 0.950177 43.919
186 2.31875 0.977839 44.616
187 2.33125 0.91464 45.275
188 2.34375 0.917955 45.9435
189 2.35625 0.962586 46.652
190 2.36875 0.939682 47.351
191 2.38125 0.921196 48.0435
192 2.39375 0.947801 48.7635
193 2.40625 0.910622 49.4625
194 2.41875 0.897366 50.1585
195 2.43125 0.899009 50.863
196 2.44375 0.916992 51.589
197 2.45625 0.917684 52.323
198 2.46875 0.916459 53.0635
199 2.48125 0.902961 53.8005
200 2.49375 0.923648 54.562
300 200
1 0.00625 0 0
2 0.01875 0 0
3 0.03125 0 0
4 0.04375 0 0
5 0.05625 0 0
6 0.06875 0 0
7 0.08125 0 0
8 0.09375 0 0
9 0.10625 0 0
10 0.11875 0 0
11 0.13125 0 0
12 0.14375 0 0
13 0.15625 0 0
14 0.16875 0 0
15 0.18125 0 0
16 0.19375 0 0
17 0.20625 0 0
18 0.21875 0 0
19 0.23125 0 0
20 0.24375 0 0
21 0.25625 0 0
22 0.26875 0 0
23 0.28125 0 0
24 0.29375 0 0
25 0.30625 0 0
26 0.31875 0 0
27 0.33125 0 0
28 0.34375 0 0
29 0.35625 0 0
30 0.36875 0 0
31 0.38125 0 0
32 0.39375 0 0
33 0.40625 0 0
34 0.41875 0 0
35 0.43125 0 0
36 0.44375 0 0
37 0.45625 0 0
38 0.46875 0 0
39 0.48125 0 0
40 0.49375 0 0
41 0.50625 0 0
42 0.51875 0 0
43 0.53125 0 0
44 0.54375 0 0
45 0.55625 0 0
46 0.56875 0 0
47 0.58125 0 0
48 0.59375 0 0
49 0.60625 0 0
50 0.61875 0 0
51 0.63125 0 0
52 0.64375 0 0
53 0.65625 0 0
54 0.66875 0 0
55 0.68125 0 0
56 0.69375 0 0
57 0.70625 0 0
58 0.71875 0 0
59 0.73125 0 0
60 0.74375 0 0
61 0.75625 0 0
62 0.76875 0 0
63 0.78125 0 0
64 0.79375 0 0
65 0.80625 0 0
66 0.81875 0 0
67 0.83125 0 0
68 0.84375 0 0
69 0.85625 0 0
70 0.86875 0.00499708 0.0005
71 0.88125 0.00485633 0.001
72 0.89375 0.0236072 0.0035
73 0.90625 0.0826576 0.0125
74 0.91875 0.17872 0.0325
75 0.93125 0.365303 0.0745
76 0.94375 0.702912 0.1575
77 0.95625 0.965117 0.2745
78 0.96875 1.26187 0.4315
79 0.98125 1.68821 0.647
80 0.99375 2.04318 0.9145
81 1.00625 2.00391 1.1835
82 1.01875 2.22395 1.4895
83 1.03125 2.4647 1.837
84 1.04375 2.59297 2.2115
85 1.05625 2.50153 2.5815
86 1.06875 2.55232 2.968
87 1.08125 2.18074 3.306
88 1.09375 2.29196 3.6695
89 1.10625 2.24046 4.033
90 1.11875 2.18766 4.396
91 1.13125 2.18968 4.7675
92 1.14375 1.89991 5.097
93 1.15625 1.7716 5.411
94 1.16875 1.80017 5.737
95 1.18125 1.67848 6.0475
96 1.19375 1.4265 6.317
97 1.20625 1.41782 6.5905
98 1.21875 1.37112 6.8605
99 1.23125 1.34839 7.1315
100 1.24375 1.22634 7.383
101 1.25625 1.23552 7.6415
102 1.26875 1.14569 7.886
103 1.28125 1.11885 8.1295
104 1.29375 0.980163 8.347
105 1.30625 0.992439 8.5715
106 1.31875 0.973714 8.796
107 1.33125 0.878903 9.0025
108 1.34375 0.902313 9.2185
109 1.35625 0.859102 9.428
110 1.36875 0.766985 9.6185
111 1.38125 0.852007 9.834
112 1.39375 0.788255 10.037
113 1.40625 0.74379 10.232
114 1.41875 0.743857 10.4305
115 1.43125 0.804565 10.649
116 1.44375 0.7147 10.8465
117 1.45625 0.70604 11.045
118 1.46875 0.681835 11.24
119 1.48125 0.708192 11.446
120 1.49375 0.713292 11.657
121 1.50625 0.711476 11.871
122 1.51875 0.704718 12.0865
123 1.53125 0.669132 12.2945
124 1.54375 0.656758 12.502
125 1.55625 0.692967 12.7245
126 1.56875 0.70802 12.9555
127 1.58125 0.699887 13.1875
128 1.59375 0.699345 13.423
129 1.60625 0.700197 13.6625
130 1.61875 0.723968 13.914
131 1.63125 0.728506 14.171
132 1.64375 0.74399 14.4375
133 1.65625 0.785047 14.723
134 1.66875 0.799063 15.018
135 1.68125 0.807239 15.3205
136 1.69375 0.791424 15.6215
137 1.70625 0.770802 15.919
138 1.71875 0.855383 16.254
139 1.73125 0.863209 16.597
140 1.74375 0.898011 16.959
141 1.75625 0.838809 17.302
142 1.76875 0.858339 17.658
143 1.78125 0.880806 18.0285
144 1.79375 0.92132 18.4215
145 1.80625 0.9641 18.8385
146 1.81875 0.996499 19.2755
147 1.83125 0.993064 19.717
148 1.84375 1.0096 20.172
149 1.85625 1.01247 20.6345
150 1.86875 1.00977 21.102
151 1.88125 1.03156 21.586
152 1.89375 1.04112 22.081
153 1.90625 1.02959 22.577
154 1.91875 1.15144 23.139
155 1.93125 1.10018 23.683
156 1.94375 1.12301 24.2455
157 1.95625 1.13039 24.819
158 1.96875 1.22019 25.446
159 1.98125 1.22118 26.0815
160 1.99375 1.16986 26.698
161 2.00625 1.19374 27.335
162 2.01875 1.18271 27.974
163 2.03125 1.19196 28.626
164 2.04375 1.24605 29.316
165 2.05625 1.24343 30.013
166 2.06875 1.25577 30.7255
167 2.08125 1.18327 31.405
168 2.09375 1.16402 32.0815
169 2.10625 1.23186 32.806
170 2.11875 1.12411 33.475
171 2.13125 1.15331 34.1695
172 2.14375 1.13662 34.862
173 2.15625 1.16079 35.5775
174 2.16875 1.13141 36.283
175 2.18125 1.08043 36.9645
176 2.19375 1.08069 37.654
177 2.20625 1.03671 38.323
178 2.21875 1.0764 39.0255
179 2.23125 1.03861 39.711
180 2.24375 1.03981 40.405
181 2.25625 1.00831 41.0855
182 2.26875 1.04633 41.7995
183 2.28125 1.00663 42.494
184 2.29375 1.01146 43.1995
185 2.30625 0.999104 43.904
186 2.31875 0.985555 44.6065
187 2.33125 0.952114 45.2925
188 2.34375 0.941985 45.9785
189 2.35625 0.965303 46.689
190 2.36875 1.00219 47.4345
191 2.38125 0.903238 48.1135
192 2.39375 0.891196 48.7905
193 2.40625 0.945145 49.516
194 2.41875 0.88125 50.1995
195 2.43125 0.966642 50.957
196 2.44375 0.937201 51.699
197 2.45625 0.89768 52.417
198 2.46875 0.886757 53.1335
199 2.48125 0.893772 53.863
200 2.49375 0.854511 54.5675
350 200
1 0.00625 0 0
2 0.01875 0 0
3 0.03125 0 0
4 0.04375 0 0
5 0.05625 0 0
6 0.06875 0 0
7 0.08125 0 0
8 0.09375 0 0
9 0.10625 0 0
10 0.11875 0 0
11 0.13125 0 0
12 0.14375 0 0
13 0.15625 0 0
14 0.16875 0 0
15 0.18125 0 0
16 0.19375 0 0
17 0.20625 0 0
18 0.21875 0 0
19 0.23125 0 0
20 0.24375 0 0
21 0.25625 0 0
22 0.26875 0 0
23 0.28125 0 0
24 0.29375 0 0
25 0.30625 0 0
26 0.31875 0 0
27 0.33125 0 0
28 0.34375 0 0
29 0.35625 0 0
30 0.36875 0 0
31 0.38125 0 0
32 0.39375 0 0
33 0.40625 0 0
34 0.41875 0 0
35 0.43125 0 0
36 0.44375 0 0
37 0.45625 0 0
38 0.46875 0 0
39 0.48125 0 0
40 0.49375 0 0
41 0.50625 0 0
42 0.51875 0 0
43 0.53125 0 0
44 0.54375 0 0
45 0.55625 0 0
46 0.56875 0 0
47 0.58125 0 0
48 0.59375 0 0
49 0.60625 0 0
50 0.61875 0 0
51 0.63125 0 0
52 0.64375 0 0
53 0.65625 0 0
54 0.66875 0 0
55 0.68125 0 0
56 0.69375 0 0
57 0.70625 0 0
58 0.71875 0 0
59 0.73125 0 0
60 0.74375 0 0
61 0.75625 0 0
62 0.76875 0 0
63 0.78125 0 0
64 0.79375 0 0
65 0.80625 0 0
66 0.81875 0 0
67 0.83125 0 0
68 0.84375 0 0
69 0.85625 0 0
70 0.86875 0 0
71 0.88125 0 0
72 0.89375 0.0377715 0.004
73 0.90625 0.114802 0.0165
74 0.91875 0.201059 0.039
75 0.93125 0.439234 0.0895
76 0.94375 0.639396 0.165
77 0.95625 0.960993 0.2815
78 0.96875 1.30205 0.4435
79 0.98125 1.53153 0.639
80 0.99375 1.90952 0.889
81 1.00625 2.23112 1.1885
82 1.01875 2.12946 1.4815
83 1.03125 2.26611 1.801
84 1.04375 2.49257 2.161
85 1.05625 2.4204 2.519
86 1.06875 2.59195 2.9115
87 1.08125 2.44849 3.291
88 1.09375 2.24782 3.6475
89 1.10625 2.28052 4.0175
90 1.11875 2.07617 4.362
91 1.13125 2.13369 4.724
92 1.14375 1.98351 5.068
93 1.15625 1.8788 5.401
94 1.16875 1.70077 5.709
95 1.18125 1.66767 6.0175
96 1.19375 1.50854 6.3025
97 1.20625 1.47485 6.587
98 1.21875 1.44983 6.8725
99 1.23125 1.3882 7.1515
100 1.24375 1.29705 7.4175
101 1.25625 1.14948 7.658
102 1.26875 1.09649 7.892
103 1.28125 1.10506 8.1325
104 1.29375 1.03424 8.362
105 1.30625 0.976967 8.583
106 1.31875 0.991063 8.8115
107 1.33125 0.921465 9.028
108 1.34375 0.862628 9.2345
109 1.35625 0.90421 9.455
110 1.36875 0.865626 9.67
111 1.38125 0.761073 9.8625
112 1.39375 0.842617 10.0795
113 1.40625 0.762861 10.2795
114 1.41875 0.783204 10.4885
115 1.43125 0.721715 10.6845
116 1.44375 0.736412 10.888
117 1.45625 0.70604 11.0865
118 1.46875 0.680087 11.281
119 1.48125 0.764917 11.5035
120 1.49375 0.750478 11.7255
121 1.50625 0.653295 11.922
122 1.51875 0.694908 12.1345
123 1.53125 0.654656 12.338
124 1.54375 0.672583 12.5505
125 1.55625 0.672723 12.7665
126 1.56875 0.686565 12.9905
127 1.58125 0.683295 13.217
128 1.59375 0.734981 13.4645
129 1.60625 0.635879 13.682
130 1.61875 0.732604 13.9365
131 1.63125 0.698742 14.183
132 1.64375 0.756552 14.454
133 1.65625 0.70118 14.709
134 1.66875 0.784165 14.9985
135 1.68125 0.759205 15.283
136 1.69375 0.763816 15.5735
137 1.70625 0.725461 15.8535
138 1.71875 0.780059 16.159
139 1.73125 0.75751 16.46
140 1.74375 0.881886 16.8155
141 1.75625 0.876714 17.174
142 1.76875 0.951165 17.5685
143 1.78125 0.905768 17.9495
144 1.79375 0.920147 18.342
145 1.80625 0.960632 18.7575
146 1.81875 1.04895 19.2175
147 1.83125 1.00094 19.6625
148 1.84375 1.01847 20.1215
149 1.85625 1.02451 20.5895
150 1.86875 1.0724 21.086
151 1.88125 1.04328 21.5755
152 1.89375 1.03902 22.0695
153 1.90625 1.11677 22.6075
154 1.91875 1.1371 23.1625
155 1.93125 1.13153 23.722
156 1.94375 1.14198 24.294
157 1.95625 1.1974 24.9015
158 1.96875 1.15305 25.494
159 1.98125 1.19043 26.1135
160 1.99375 1.19073 26.741
161 2.00625 1.20311 27.383
162 2.01875 1.26692 28.0675
163 2.03125 1.23493 28.743
164 2.04375 1.14131 29.375
165 2.05625 1.25503 30.0785
166 2.06875 1.21876 30.77
167 2.08125 1.1824 31.449
168 2.09375 1.16058 32.1235
169 2.10625 1.16725 32.81
170 2.11875 1.15099 33.495
171 2.13125 1.18403 34.208
172 2.14375 1.1719 34.922
173 2.15625 1.13808 35.6235
174 2.16875 1.09613 36.307
175 2.18125 1.08598 36.992
176 2.19375 1.12379 37.709
177 2.20625 1.08475 38.409
178 2.21875 1.06337 39.103
179 2.23125 1.0621 39.804
180 2.24375 1.07726 40.523
181 2.25625 1.04684 41.2295
182 2.26875 1.00896 41.918
183 2.28125 0.968942 42.5865
184 2.29375 1.02364 43.3005
185 2.30625 0.95514 43.974
186 2.31875 0.93996 44.644
187 2.33125 0.954889 45.332
188 2.34375 0.90491 45.991
189 2.35625 0.970058 46.705
190 2.36875 0.9296 47.3965
191 2.38125 0.893261 48.068
192 2.39375 0.926739 48.772
193 2.40625 0.888475 49.454
194 2.41875 0.910259 50.16
195 2.43125 0.876678 50.847
196 2.44375 0.925202 51.5795
197 2.45625 0.875176 52.2795
198 2.46875 0.928217 53.0295
199 2.48125 0.904799 53.768
200 2.49375 0.905454 54.5145
400 200
1 0.00625 0 0
2 0.01875 0 0
3 0.03125 0 0
4 0.04375 0 0
5 0.05625 0 0
6 0.06875 0 0
7 0.08125 0 0
8 0.09375 0 0
9 0.10625 0 0
10 0.11875 0 0
11 0.13125 0 0
12 0.14375 0 0
13 0.15625 0 0
14 0.16875 0 0
15 0.18125 0 0
16 0.19375 0 0
17 0.20625 0 0
18 0.21875 0 0
19 0.23125 0 0
20 0.24375 0 0
21 0.25625 0 0
22 0.26875 0 0
23 0.28125 0 0
24 0.29375 0 0
25 0.30625 0 0
26 0.31875 0 0
27 0.33125 0 0
28 0.34375 0 0
29 0.35625 0 0
30 0.36875 0 0
31 0.38125 0 0
32 0.39375 0 0
33 0.40625 0 0
34 0.41875 0 0
35 0.43125 0 0
36 0.44375 0 0
37 0.45625 0 0
38 0.46875 0 0
39 0.48125 0 0
40 0.49375 0 0
41 0.50625 0 0
42 0.51875 0 0
43 0.53125 0 0
44 0.54375 0 0
45 0.55625 0 0
46 0.56875 0 0
47 0.58125 0 0
48 0.59375 0 0
49 0.60625 0 0
50 0.61875 0 0
51 0.63125 0 0
52 0.64375 0 0
53 0.65625 0 0
54 0.66875 0 0
55 0.68125 0 0
56 0.69375 0 0
57 0.70625 0 0
58 0.71875 0 0
59 0.73125 0 0
60 0.74375 0 0
61 0.75625 0 0
62 0.76875 0 0
63 0.78125 0 0
64 0.79375 0 0
65 0.80625 0 0
66 0.81875 0 0
67 0.83125 0 0
68 0.84375 0 0
69 0.85625 0 0
70 0.86875 0.00499708 0.0005
71 0.88125 0.00485633 0.001
72 0.89375 0.0377715 0.005
73 0.90625 0.0918418 0.015
74 0.91875 0.214463 0.039
75 0.93125 0.278326 0.071
76 0.94375 0.647865 0.1475
77 0.95625 0.952744 0.263
78 0.96875 1.3543 0.4315
79 0.98125 1.69604 0.648
80 0.99375 1.77967 0.881
81 1.00625 2.1231 1.166
82 1.01875 2.37294 1.4925
83 1.03125 2.35831 1.825
84 1.04375 2.56181 2.195
85 1.05625 2.56238 2.574
86 1.06875 2.41034 2.939
87 1.08125 2.45171 3.319
88 1.09375 2.37078 3.695
89 1.10625 2.15109 4.044
90 1.11875 2.11233 4.3945
91 1.13125 2.05117 4.7425
92 1.14375 2.00658 5.0905
93 1.15625 1.81391 5.412
94 1.16875 1.7698 5.7325
95 1.18125 1.63254 6.0345
96 1.19375 1.51119 6.32
97 1.20625 1.41782 6.5935
98 1.21875 1.43205 6.8755
99 1.23125 1.35834 7.1485
100 1.24375 1.22878 7.4005
101 1.25625 1.19967 7.6515
102 1.26875 1.10586 7.8875
103 1.28125 0.992489 8.1035
104 1.29375 1.09057 8.3455
105 1.30625 0.952653 8.561
106 1.31875 0.876126 8.763
107 1.33125 0.900184 8.9745
108 1.34375 0.990037 9.2115
109 1.35625 0.852951 9.4195
110 1.36875 0.879718 9.638
111 1.38125 0.846076 9.852
112 1.39375 0.764957 10.049
113 1.40625 0.806726 10.2605
114 1.41875 0.715751 10.4515
115 1.43125 0.743808 10.6535
116 1.44375 0.74184 10.8585
117 1.45625 0.707818 11.0575
118 1.46875 0.680087 11.252
119 1.48125 0.75976 11.473
120 1.49375 0.716673 11.685
121 1.50625 0.696515 11.8945
122 1.51875 0.707989 12.111
123 1.53125 0.699694 12.3285
124 1.54375 0.716895 12.555
125 1.55625 0.683623 12.7745
126 1.56875 0.685032 12.998
127 1.58125 0.656144 13.2155
128 1.59375 0.705285 13.453
129 1.60625 0.722124 13.7
130 1.61875 0.735483 13.9555
131 1.63125 0.732758 14.214
132 1.64375 0.676989 14.4565
133 1.65625 0.735552 14.724
134 1.66875 0.771976 15.009
135 1.68125 0.755202 15.292
136 1.69375 0.771704 15.5855
137 1.70625 0.772098 15.8835
138 1.71875 0.85283 16.2175
139 1.73125 0.853143 16.5565
140 1.74375 0.818629 16.8865
141 1.75625 0.844923 17.232
142 1.76875 0.905354 17.6075
143 1.78125 0.862975 17.9705
144 1.79375 0.904909 18.3565
145 1.80625 0.925952 18.757
146 1.81875 0.952033 19.1745
147 1.83125 0.996438 19.6175
148 1.84375 1.06951 20.0995
149 1.85625 1.00152 20.557
150 1.86875 1.06376 21.0495
151 1.88125 1.055 21.5445
152 1.89375 1.05479 22.046
153 1.90625 1.09394 22.573
154 1.91875 1.18422 23.151
155 1.93125 1.1831 23.736
156 1.94375 1.12301 24.2985
157 1.95625 1.13433 24.874
158 1.96875 1.16765 25.474
159 1.98125 1.11069 26.052
160 1.99375 1.18694 26.6775
161 2.00625 1.22748 27.3325
162 2.01875 1.25859 28.0125
163 2.03125 1.18922 28.663
164 2.04375 1.23341 29.346
165 2.05625 1.18902 30.0125
166 2.06875 1.21171 30.7
167 2.08125 1.21374 31.397
168 2.09375 1.1709 32.0775
169 2.10625 1.17745 32.77
170 2.11875 1.20728 33.4885
171 2.13125 1.17739 34.1975
172 2.14375 1.16452 34.907
173 2.15625 1.1032 35.587
174 2.16875 1.10174 36.274
175 2.18125 1.13116 36.9875
176 2.19375 1.0705 37.6705
177 2.20625 1.14131 38.407
178 2.21875 1.03502 39.0825
179 2.23125 1.07194 39.79
180 2.24375 1.02033 40.471
181 2.25625 1.01128 41.1535
182 2.26875 1.01042 41.843
183 2.28125 1.00953 42.5395
184 2.29375 1.00644 43.2415
185 2.30625 0.998395 43.9455
186 2.31875 0.955392 44.6265
187 2.33125 0.97085 45.326
188 2.34375 0.932373 46.005
189 2.35625 0.923186 46.6845
190 2.36875 0.930272 47.3765
191 2.38125 0.910554 48.061
192 2.39375 0.93727 48.773
193 2.40625 0.91909 49.4785
194 2.41875 0.91864 50.191
195 2.43125 0.886248 50.8855
196 2.44375 0.932149 51.6235
197 2.45625 0.950191 52.3835
198 2.46875 0.871905 53.088
199 2.48125 0.902961 53.825
200 2.49375 0.902422 54.569
450 200
1 0.00625 0 0
2 0.01875 0 0
3 0.03125 0 0
4 0.04375 0 0
5 0.05625 0 0
6 0.06875 0 0
7 0.08125 0 0
8 0.09375 0 0
9 0.10625 0 0
10 0.11875 0 0
11 0.13125 0 0
12 0.14375 0 0
13 0.15625 0 0
14 0.16875 0 0
15 0.18125 0 0
16 0.19375 0 0
17 0.20625 0 0
18 0.21875 0 0
19 0.23125 0 0
20 0.24375 0 0
21 0.25625 0 0
22 0.26875 0 0
23 0.28125 0 0
24 0.29375 0 0
25 0.30625 0 0
26 0.31875 0 0
27 0.33125 0 0
28 0.34375 0 0
29 0.35625 0 0
30 0.36875 0 0
31 0.38125 0 0
32 0.39375 0 0
33 0.40625 0 0
34 0.41875 0 0
35 0.43125 0 0
36 0.44375 0 0
37 0.45625 0 0
38 0.46875 0 0
39 0.48125 0 0
40 0.49375 0 0
41 0.50625 0 0
42 0.51875 0 0
43 0.53125 0 0
44 0.54375 0 0
45 0.55625 0 0
46 0.56875 0 0
47 0.58125 0 0
48 0.59375 0 0
49 0.60625 0 0
50 0.61875 0 0
51 0.63125 0 0
52 0.64375 0 0
53 0.65625 0 0
54 0.66875 0 0
55 0.68125 0 0
56 0.69375 0 0
57 0.70625 0 0
58 0.71875 0 0
59 0.73125 0 0
60 0.74375 0 0
61 0.75625 0 0
62 0.76875 0 0
63 0.78125 0 0
64 0.79375 0 0
65 0.80625 0 0
66 0.81875 0 0
67 0.83125 0 0
68 0.84375 0 0
69 0.85625 0 0
70 0.86875 0 0
71 0.88125 0.014569 0.0015
72 0.89375 0.0377715 0.0055
73 0.90625 0.11021 0.0175
74 0.91875 0.290419 0.05
75 0.93125 0.413141 0.0975
76 0.94375 0.647865 0.174
77 0.95625 0.98574 0.2935
78 0.96875 1.21364 0.4445
79 0.98125 1.6177 0.651
80 0.99375 1.96298 0.908
81 1.00625 2.05606 1.184
82 1.01875 2.25302 1.494
83 1.03125 2.4257 1.836
84 1.04375 2.45795 2.191
85 1.05625 2.36294 2.5405
86 1.06875 2.34101 2.895
87 1.08125 2.43881 3.273
88 1.09375 2.23836 3.628
89 1.10625 2.32367 4.005
90 1.11875 2.10931 4.355
91 1.13125 2.0718 4.7065
92 1.14375 1.94892 5.0445
93 1.15625 1.9465 5.3895
94 1.16875 1.75599 5.7075
95 1.18125 1.6974 6.0215
96 1.19375 1.66469 6.336
97 1.20625 1.50854 6.627
98 1.21875 1.32541 6.888
99 1.23125 1.27127 7.1435
100 1.24375 1.24097 7.398
101 1.25625 1.27136 7.664
102 1.26875 1.22769 7.926
103 1.28125 1.00168 8.144
104 1.29375 1.05452 8.378
105 1.30625 1.04107 8.6135
106 1.31875 0.958534 8.8345
107 1.33125 0.898056 9.0455
108 1.34375 0.835475 9.2455
109 1.35625 0.855001 9.454
110 1.36875 0.795169 9.6515
111 1.38125 0.828285 9.861
112 1.39375 0.7436 10.0525
113 1.40625 0.772397 10.255
114 1.41875 0.697014 10.441
115 1.43125 0.78063 10.653
116 1.44375 0.682131 10.8415
117 1.45625 0.674028 11.031
118 1.46875 0.713305 11.235
119 1.48125 0.739133 11.45
120 1.49375 0.742027 11.6695
121 1.50625 0.698178 11.8795
122 1.51875 0.706353 12.0955
123 1.53125 0.690043 12.31
124 1.54375 0.702652 12.532
125 1.55625 0.635349 12.736
126 1.56875 0.651317 12.9485
127 1.58125 0.699887 13.1805
128 1.59375 0.745374 13.4315
129 1.60625 0.732357 13.682
130 1.61875 0.726847 13.9345
131 1.63125 0.745514 14.1975
132 1.64375 0.748177 14.4655
133 1.65625 0.767174 14.7445
134 1.66875 0.755724 15.0235
135 1.68125 0.731185 15.2975
136 1.69375 0.753299 15.584
137 1.70625 0.775984 15.8835
138 1.71875 0.810699 16.201
139 1.73125 0.846851 16.5375
140 1.74375 0.801264 16.8605
141 1.75625 0.846145 17.2065
142 1.76875 0.855928 17.5615
143 1.78125 0.93073 17.953
144 1.79375 0.949452 18.358
145 1.80625 0.913236 18.753
146 1.81875 0.988518 19.1865
147 1.83125 0.962698 19.6145
148 1.84375 1.01847 20.0735
149 1.85625 1.04092 20.549
150 1.86875 1.08104 21.0495
151 1.88125 1.0987 21.565
152 1.89375 1.10948 22.0925
153 1.90625 1.14583 22.6445
154 1.91875 1.13607 23.199
155 1.93125 1.0931 23.7395
156 1.94375 1.09206 24.2865
157 1.95625 1.15995 24.875
158 1.96875 1.2309 25.5075
159 1.98125 1.17026 26.1165
160 1.99375 1.19453 26.746
161 2.00625 1.18625 27.379
162 2.01875 1.22713 28.042
163 2.03125 1.21299 28.7055
164 2.04375 1.16027 29.348
165 2.05625 1.22292 30.0335
166 2.06875 1.22581 30.729
167 2.08125 1.16672 31.399
168 2.09375 1.18209 32.086
169 2.10625 1.214 32.8
170 2.11875 1.14007 33.4785
171 2.13125 1.16327 34.179
172 2.14375 1.14646 34.8775
173 2.15625 1.15836 35.5915
174 2.16875 1.12981 36.296
175 2.18125 1.10183 36.991
176 2.19375 1.05561 37.6645
177 2.20625 1.12892 38.393
178 2.21875 1.05571 39.082
179 2.23125 1.0727 39.79
180 2.24375 1.03681 40.482
181 2.25625 1.03795 41.1825
182 2.26875 1.03534 41.889
183 2.28125 1.02475 42.596
184 2.29375 0.974898 43.276
185 2.30625 0.909759 43.9175
186 2.31875 0.95469 44.598
187 2.33125 0.975708 45.301
188 2.34375 0.98112 46.0155
189 2.35625 0.962586 46.724
190 2.36875 0.921534 47.4095
191 2.38125 0.967755 48.137
192 2.39375 0.898437 48.8195
193 2.40625 0.913879 49.521
194 2.41875 0.892854 50.2135
195 2.43125 0.888162 50.9095
196 2.44375 0.912571 51.632
197 2.45625 0.900806 52.3525
198 2.46875 0.888613 53.0705
199 2.48125 0.896835 53.8025
200 2.49375 0.836317 54.492
500 200
1 0.00625 0 0
2 0.01875 0 0
3 0.03125 0 0
4 0.04375 0 0
5 0.05625 0 0
6 0.06875 0 0
7 0.08125 0 0
8 0.09375 0 0
9 0.10625 0 0
10 0.11875 0 0
11 0.13125 0 0
12 0.14375 0 0
13 0.15625 0 0
14 0.16875 0 0
15 0.18125 0 0
16 0.19375 0 0
17 0.20625 0 0
18 0.21875 0 0
19 0.23125 0 0
20 0.24375 0 0
21 0.25625 0 0
22 0.26875 0 0
23 0.28125 0 0
24 0.29375 0 0
25 0.30625 0 0
26 0.31875 0 0
27 0.33125 0 0
28 0.34375 0 0
29 0.35625 0 0
30 0.36875 0 0
31 0.38125 0 0
32 0.39375 0 0
33 0.40625 0 0
34 0.41875 0 0
35 0.43125 0 0
36 0.44375 0 0
37 0.45625 0 0
38 0.46875 0 0
39 0.48125 0 0
40 0.49375 0 0
41 0.50625 0 0
42 0.51875 0 0
43 0.53125 0 0
44 0.54375 0 0
45 0.55625 0 0
46 0.56875 0 0
47 0.58125 0 0
48 0.59375 0 0
49 0.60625 0 0
50 0.61875 0 0
51 0.63125 0 0
52 0.64375 0 0
53 0.65625 0 0
54 0.66875 0 0
55 0.68125 0 0
56 0.69375 0 0
57 0.70625 0 0
58 0.71875 0 0
59 0.73125 0 0
60 0.74375 0 0
61 0.75625 0 0
62 0.76875 0 0
63 0.78125 0 0
64 0.79375 0 0
65 0.80625 0 0
66 0.81875 0 0
67 0.83125 0 0
68 0.84375 0 0
69 0.85625 0 0
70 0.86875 0 0
71 0.88125 0.0242816 0.0025
72 0.89375 0.0330501 0.006
73 0.90625 0.11021 0.018
74 0.91875 0.232335 0.044
75 0.93125 0.400094 0.09
76 0.94375 0.61399 0.1625
77 0.95625 0.870255 0.268
78 0.96875 1.35832 0.437
79 0.98125 1.58637 0.6395
80 0.99375 2.03173 0.9055
81 1.00625 2.11193 1.189
82 1.01875 2.10039 1.478
83 1.03125 2.62074 1.8475
84 1.04375 2.4718 2.2045
85 1.05625 2.55562 2.5825
86 1.06875 2.29808 2.9305
87 1.08125 2.44849 3.31
88 1.09375 2.36132 3.6845
89 1.10625 2.29593 4.057
90 1.11875 1.99481 4.388
91 1.13125 2.09243 4.743
92 1.14375 2.05847 5.1
93 1.15625 1.81109 5.421
94 1.16875 1.73943 5.736
95 1.18125 1.61632 6.035
96 1.19375 1.48472 6.3155
97 1.20625 1.39709 6.585
98 1.21875 1.50315 6.881
99 1.23125 1.37327 7.157
100 1.24375 1.26779 7.417
101 1.25625 1.24746 7.678
102 1.26875 1.13632 7.9205
103 1.28125 1.13493 8.1675
104 1.29375 1.05001 8.4005
105 1.30625 0.93276 8.6115
106 1.31875 0.8848 8.8155
107 1.33125 0.878903 9.022
108 1.34375 0.841741 9.2235
109 1.35625 0.863203 9.434
110 1.36875 0.833417 9.641
111 1.38125 0.796656 9.8425
112 1.39375 0.856208 10.063
113 1.40625 0.732347 10.255
114 1.41875 0.771962 10.461
115 1.43125 0.723556 10.6575
116 1.44375 0.698416 10.8505
117 1.45625 0.789627 11.0725
118 1.46875 0.730788 11.2815
119 1.48125 0.649749 11.4705
120 1.49375 0.696389 11.6765
121 1.50625 0.669918 11.878
122 1.51875 0.719434 12.098
123 1.53125 0.694868 12.314
124 1.54375 0.659923 12.5225
125 1.55625 0.64625 12.73
126 1.56875 0.67124 12.949
127 1.58125 0.717988 13.187
128 1.59375 0.717163 13.4285
129 1.60625 0.672423 13.6585
130 1.61875 0.690865 13.8985
131 1.63125 0.685986 14.1405
132 1.64375 0.717469 14.3975
133 1.65625 0.746551 14.669
134 1.66875 0.746243 14.9445
135 1.68125 0.757871 15.2285
136 1.69375 0.819032 15.54
137 1.70625 0.816144 15.855
138 1.71875 0.818359 16.1755
139 1.73125 0.827976 16.5045
140 1.74375 0.880646 16.8595
141 1.75625 0.895055 17.2255
142 1.76875 0.872805 17.5875
143 1.78125 0.884372 17.9595
144 1.79375 0.908426 18.347
145 1.80625 0.973348 18.768
146 1.81875 0.937211 19.179
147 1.83125 0.979568 19.6145
148 1.84375 1.06285 20.0935
149 1.85625 1.09675 20.5945
150 1.86875 1.06268 21.0865
151 1.88125 1.09017 21.598
152 1.89375 1.10843 22.125
153 1.90625 1.11781 22.6635
154 1.91875 1.10329 23.202
155 1.93125 1.12546 23.7585
156 1.94375 1.16693 24.343
157 1.95625 1.22401 24.964
158 1.96875 1.2163 25.589
159 1.98125 1.16545 26.1955
160 1.99375 1.17555 26.815
161 2.00625 1.175 27.442
162 2.01875 1.22806 28.1055
163 2.03125 1.17734 28.7495
164 2.04375 1.21264 29.421
165 2.05625 1.19259 30.0895
166 2.06875 1.18968 30.7645
167 2.08125 1.26511 31.491
168 2.09375 1.12875 32.147
169 2.10625 1.18425 32.8435
170 2.11875 1.13335 33.518
171 2.13125 1.10681 34.1845
172 2.14375 1.16206 34.8925
173 2.15625 1.08211 35.5595
174 2.16875 1.11217 36.253
175 2.18125 1.15019 36.9785
176 2.19375 1.07913 37.667
177 2.20625 1.10335 38.379
178 2.21875 1.04652 39.062
179 2.23125 1.06891 39.7675
180 2.24375 1.02183 40.4495
181 2.25625 1.02535 41.1415
182 2.26875 1.01702 41.8355
183 2.28125 0.994307 42.5215
184 2.29375 1.02508 43.2365
185 2.30625 0.965777 43.9175
186 2.31875 0.970824 44.6095
187 2.33125 0.94795 45.2925
188 2.34375 0.966702 45.9965
189 2.35625 0.913675 46.669
190 2.36875 0.975307 47.3945
191 2.38125 0.945806 48.1055
192 2.39375 0.892513 48.7835
193 2.40625 0.898897 49.4735
194 2.41875 0.857397 50.1385
195 2.43125 0.886248 50.833
196 2.44375 0.918255 51.56
197 2.45625 0.883928 52.267
198 2.46875 0.877474 52.976
199 2.48125 0.903573 53.7135
200 2.49375 0.925467 54.4765
550 200
1 0.00625 0 0
2 0.01875 0 0
3 0.03125 0 0
4 0.04375 0 0
5 0.05625 0 0
6 0.06875 0 0
7 0.08125 0 0
8 0.09375 0 0
9 0.10625 0 0
10 0.11875 0 0
11 0.13125 0 0
12 0.14375 0 0
13 0.15625 0 0
14 0.16875 0 0
15 0.18125 0 0
16 0.19375 0 0
17 0.20625 0 0
18 0.21875 0 0
19 0.23125 0 0
20 0.24375 0 0
21 0.25625 0 0
22 0.26875 0 0
23 0.28125 0 0
24 0.29375 0 0
25 0.30625 0 0
26 0.31875 0 0
27 0.33125 0 0
28 0.34375 0 0
29 0.35625 0 0
30 0.36875 0 0
31 0.38125 0 0
32 0.39375 0 0
33 0.40625 0 0
34 0.41875 0 0
35 0.43125 0 0
36 0.44375 0 0
37 0.45625 0 0
38 0.46875 0 0
39 0.48125 0 0
40 0.49375 0 0
41 0.50625 0 0
42 0.51875 0 0
43 0.53125 0 0
44 0.54375 0 0
45 0.55625 0 0
46 0.56875 0 0
47 0.58125 0 0
48 0.59375 0 0
49 0.60625 0 0
50 0.61875 0 0
51 0.63125 0 0
52 0.64375 0 0
53 0.65625 0 0
54 0.66875 0 0
55 0.68125 0 0
56 0.69375 0 0
57 0.70625 0 0
58 0.71875 0 0
59 0.73125 0 0
60 0.74375 0 0
61 0.75625 0 0
62 0.76875 0 0
63 0.78125 0 0
64 0.79375 0 0
65 0.80625 0 0
66 0.81875 0 0
67 0.83125 0 0
68 0.84375 0 0
69 0.85625 0 0
70 0.86875 0 0
71 0.88125 0.00485633 0.0005
72 0.89375 0.0472144 0.0055
73 0.90625 0.0918418 0.0155
74 0.91875 0.218931 0.04
75 0.93125 0.417489 0.088
76 0.94375 0.630927 0.1625
77 0.95625 0.952744 0.278
78 0.96875 1.26589 0.4355
79 0.98125 1.50803 0.628
80 0.99375 1.95534 0.884
81 1.00625 2.04488 1.1585
82 1.01875 2.21304 1.463
83 1.03125 2.45052 1.8085
84 1.04375 2.41987 2.158
85 1.05625 2.43055 2.5175
86 1.06875 2.41365 2.883
87 1.08125 2.52914 3.275
88 1.09375 2.35186 3.648
89 1.10625 2.21888 4.008
90 1.11875 2.20574 4.374
91 1.13125 2.08653 4.728
92 1.14375 2.02099 5.0785
93 1.15625 1.84777 5.406
94 1.16875 1.68421 5.711
95 1.18125 1.65686 6.0175
96 1.19375 1.60382 6.3205
97 1.20625 1.50854 6.6115
98 1.21875 1.39905 6.887
99 1.23125 1.33844 7.156
100 1.24375 1.23122 7.4085
101 1.25625 1.21162 7.662
102 1.26875 1.10117 7.897
103 1.28125 1.03844 8.123
104 1.29375 1.08156 8.363
105 1.30625 0.994649 8.588
106 1.31875 1.00841 8.8205
107 1.33125 0.940618 9.0415
108 1.34375 0.822943 9.2385
109 1.35625 0.807843 9.4355
110 1.36875 0.899849 9.659
111 1.38125 0.89352 9.885
112 1.39375 0.821261 10.0965
113 1.40625 0.820076 10.3115
114 1.41875 0.723246 10.5045
115 1.43125 0.732762 10.7035
116 1.44375 0.736412 10.907
117 1.45625 0.67225 11.096
118 1.46875 0.711557 11.2995
119 1.48125 0.673814 11.4955
120 1.49375 0.662584 11.6915
121 1.50625 0.666594 11.892
122 1.51875 0.704718 12.1075
123 1.53125 0.727038 12.3335
124 1.54375 0.623524 12.5305
125 1.55625 0.660265 12.7425
126 1.56875 0.680435 12.9645
127 1.58125 0.716479 13.202
128 1.59375 0.736466 13.45
129 1.60625 0.71043 13.693
130 1.61875 0.683668 13.9305
131 1.63125 0.6789 14.17
132 1.64375 0.671405 14.4105
133 1.65625 0.65856 14.65
134 1.66875 0.751661 14.9275
135 1.68125 0.80457 15.229
136 1.69375 0.801941 15.534
137 1.70625 0.813553 15.848
138 1.71875 0.776229 16.152
139 1.73125 0.835526 16.484
140 1.74375 0.85956 16.8305
141 1.75625 0.915842 17.205
142 1.76875 0.878833 17.5695
143 1.78125 0.899824 17.948
144 1.79375 0.944763 18.351
145 1.80625 0.957164 18.765
146 1.81875 0.970276 19.1905
147 1.83125 0.949202 19.6125
148 1.84375 1.02957 20.0765
149 1.85625 1.04968 20.556
150 1.86875 1.04973 21.042
151 1.88125 1.08165 21.5495
152 1.89375 1.13892 22.091
153 1.90625 1.09082 22.6165
154 1.91875 1.10841 23.1575
155 1.93125 1.11838 23.7105
156 1.94375 1.14597 24.2845
157 1.95625 1.18853 24.8875
158 1.96875 1.18322 25.4955
159 1.98125 1.16929 26.104
160 1.99375 1.23627 26.7555
161 2.00625 1.1572 27.373
162 2.01875 1.24471 28.0455
163 2.03125 1.17277 28.687
164 2.04375 1.24424 29.376
165 2.05625 1.2024 30.05
166 2.06875 1.19409 30.7275
167 2.08125 1.1763 31.403
168 2.09375 1.18639 32.0925
169 2.10625 1.18255 32.788
170 2.11875 1.15604 33.476
171 2.13125 1.21309 34.2065
172 2.14375 1.16616 34.917
173 2.15625 1.08941 35.5885
174 2.16875 1.10174 36.2755
175 2.18125 1.14781 36.9995
176 2.19375 1.05326 37.6715
177 2.20625 1.06228 38.357
178 2.21875 1.03579 39.033
179 2.23125 1.05452 39.729
180 2.24375 1.05104 40.4305
181 2.25625 1.02535 41.1225
182 2.26875 0.985511 41.795
183 2.28125 1.03924 42.512
184 2.29375 0.960561 43.182
185 2.30625 1.00123 43.888
186 2.31875 0.958198 44.571
187 2.33125 0.990975 45.285
188 2.34375 0.933059 45.9645
189 2.35625 0.973455 46.681
190 2.36875 0.969257 47.402
191 2.38125 0.950462 48.1165
192 2.39375 0.8754 48.7815
193 2.40625 0.905411 49.4765
194 2.41875 0.887696 50.165
195 2.43125 0.946863 50.907
196 2.44375 0.898046 51.618
197 2.45625 0.852671 52.3
198 2.46875 0.864479 52.9985
199 2.48125 0.909087 53.7405
200 2.49375 0.871492 54.459
600 200
1 0.00625 0 0
2 0.01875 0 0
3 0.03125 0 0
4 0.04375 0 0
5 0.05625 0 0
6 0.06875 0 0
7 0.08125 0 0
8 0.09375 0 0
9 0.10625 0 0
10 0.11875 0 0
11 0.13125 0 0
12 0.14375 0 0
13 0.15625 0 0
14 0.16875 0 0
15 0.18125 0 0
16 0.19375 0 0
17 0.20625 0 0
18 0.21875 0 0
19 0.23125 0 0
20 0.24375 0 0
21 0.25625 0 0
22 0.26875 0 0
23 0.28125 0 0
24 0.29375 0 0
25 0.30625 0 0
26 0.31875 0 0
27 0.33125 0 0
28 0.34375 0 0
29 0.35625 0 0
30 0.36875 0 0
31 0.38125 0 0
32 0.39375 0 0
33 0.40625 0 0
34 0.41875 0 0
35 0.43125 0 0
36 0.44375 0 0
37 0.45625 0 0
38 0.46875 0 0
39 0.48125 0 0
40 0.49375 0 0
41 0.50625 0 0
42 0.51875 0 0
43 0.53125 0 0
44 0.54375 0 0
45 0.55625 0 0
46 0.56875 0 0
47 0.58125 0 0
48 0.59375 0 0
49 0.60625 0 0
50 0.61875 0 0
51 0.63125 0 0
52 0.64375 0 0
53 0.65625 0 0
54 0.66875 0 0
55 0.68125 0 0
56 0.69375 0 0
57 0.70625 0 0
58 0.71875 0 0
59 0.73125 0 0
60 0.74375 0 0
61 0.75625 0 0
62 0.76875 0 0
63 0.78125 0 0
64 0.79375 0 0
65 0.80625 0 0
66 0.81875 0 0
67 0.83125 0 0
68 0.84375 0 0
69 0.85625 0 0
70 0.86875 0 0
71 0.88125 0.00485633 0.0005
72 0.89375 0.0188857 0.0025
73 0.90625 0.174499 0.0215
74 0.91875 0.245739 0.049
75 0.93125 0.382699 0.093
76 0.94375 0.635162 0.168
77 0.95625 0.960993 0.2845
78 0.96875 1.22972 0.4375
79 0.98125 1.52369 0.632
80 0.99375 1.81404 0.8695
81 1.00625 2.05606 1.1455
82 1.01875 2.30026 1.462
83 1.03125 2.43279 1.805
84 1.04375 2.55142 2.1735
85 1.05625 2.43393 2.5335
86 1.06875 2.52261 2.9155
87 1.08125 2.37107 3.283
88 1.09375 2.34555 3.655
89 1.10625 2.2158 4.0145
90 1.11875 2.20574 4.3805
91 1.13125 2.04233 4.727
92 1.14375 1.99793 5.0735
93 1.15625 1.72646 5.3795
94 1.16875 1.80017 5.7055
95 1.18125 1.67848 6.016
96 1.19375 1.55883 6.3105
97 1.20625 1.47226 6.5945
98 1.21875 1.48538 6.887
99 1.23125 1.31356 7.151
100 1.24375 1.30924 7.4195
101 1.25625 1.15665 7.6615
102 1.26875 1.14569 7.906
103 1.28125 1.11425 8.1485
104 1.29375 1.05677 8.383
105 1.30625 1.07643 8.6265
106 1.31875 0.975883 8.8515
107 1.33125 1.00659 9.088
108 1.34375 0.866805 9.2955
109 1.35625 0.857052 9.5045
110 1.36875 0.720684 9.6835
111 1.38125 0.788749 9.883
112 1.39375 0.823202 10.095
113 1.40625 0.795283 10.3035
114 1.41875 0.732615 10.499
115 1.43125 0.743808 10.701
116 1.44375 0.682131 10.8895
117 1.45625 0.723824 11.093
118 1.46875 0.699318 11.293
119 1.48125 0.691003 11.494
120 1.49375 0.642301 11.684
121 1.50625 0.683217 11.8895
122 1.51875 0.714529 12.108
123 1.53125 0.635354 12.3055
124 1.54375 0.672583 12.518
125 1.55625 0.680509 12.7365
126 1.56875 0.65285 12.9495
127 1.58125 0.677261 13.174
128 1.59375 0.7038 13.411
129 1.60625 0.65342 13.6345
130 1.61875 0.718211 13.884
131 1.63125 0.74268 14.146
132 1.64375 0.76074 14.4185
133 1.65625 0.768549 14.698
134 1.66875 0.727282 14.9665
135 1.68125 0.799233 15.266
136 1.69375 0.765131 15.557
137 1.70625 0.766916 15.853
138 1.71875 0.827296 16.177
139 1.73125 0.864467 16.5205
140 1.74375 0.89429 16.881
141 1.75625 0.94152 17.266
142 1.76875 0.875216 17.629
143 1.78125 0.892692 18.0045
144 1.79375 0.911942 18.3935
145 1.80625 0.939824 18.8
146 1.81875 0.974836 19.2275
147 1.83125 0.98969 19.6675
148 1.84375 1.01071 20.123
149 1.85625 1.05187 20.6035
150 1.86875 1.07672 21.102
151 1.88125 0.999589 21.571
152 1.89375 1.10212 22.095
153 1.90625 1.10743 22.6285
154 1.91875 1.07051 23.151
155 1.93125 1.16793 23.7285
156 1.94375 1.127 24.293
157 1.95625 1.19642 24.9
158 1.96875 1.16084 25.4965
159 1.98125 1.18371 26.1125
160 1.99375 1.18124 26.735
161 2.00625 1.19 27.37
162 2.01875 1.23361 28.0365
163 2.03125 1.21664 28.702
164 2.04375 1.22257 29.379
165 2.05625 1.14799 30.0225
166 2.06875 1.16324 30.6825
167 2.08125 1.17717 31.3585
168 2.09375 1.23801 32.078
169 2.10625 1.1902 32.778
170 2.11875 1.20476 33.495
171 2.13125 1.17905 34.205
172 2.14375 1.15549 34.909
173 2.15625 1.13483 35.6085
174 2.16875 1.12179 36.308
175 2.18125 1.12799 37.0195
176 2.19375 1.08853 37.714
177 2.20625 1.14209 38.451
178 2.21875 1.11394 39.178
179 2.23125 1.00376 39.8405
180 2.24375 1.04131 40.5355
181 2.25625 0.986829 41.2015
182 2.26875 0.989174 41.8765
183 2.28125 1.0146 42.5765
184 2.29375 0.972747 43.255
185 2.30625 0.957977 43.9305
186 2.31875 0.977137 44.627
187 2.33125 0.938234 45.303
188 2.34375 0.942671 45.9895
189 2.35625 0.955793 46.693
190 2.36875 0.894648 47.3585
191 2.38125 0.897917 48.0335
192 2.39375 0.947801 48.7535
193 2.40625 0.921044 49.4605
194 2.41875 0.925731 50.1785
195 2.43125 0.9022 50.8855
196 2.44375 0.933412 51.6245
197 2.45625 0.923311 52.363
198 2.46875 0.893563 53.085
199 2.48125 0.877232 53.801
200 2.49375 0.907273 54.549
650 200
1 0.00625 0 0
2 0.01875 0 0
3 0.03125 0 0
4 0.04375 0 0
5 0.05625 0 0
6 0.06875 0 0
7 0.08125 0 0
8 0.09375 0 0
9 0.10625 0 0
10 0.11875 0 0
11 0.13125 0 0
12 0.14375 0 0
13 0.15625 0 0
14 0.16875 0 0
15 0.18125 0 0
16 0.19375 0 0
17 0.20625 0 0
18 0.21875 0 0
19 0.23125 0 0
20 0.24375 0 0
21 0.25625 0 0
22 0.26875 0 0
23 0.28125 0 0
24 0.29375 0 0
25 0.30625 0 0
26 0.31875 0 0
27 0.33125 0 0
28 0.34375 0 0
29 0.35625 0 0
30 0.36875 0 0
31 0.38125 0 0
32 0.39375 0 0
33 0.40625 0 0
34 0.41875 0 0
35 0.43125 0 0
36 0.44375 0 0
37 0.45625 0 0
38 0.46875 0 0
39 0.48125 0 0
40 0.49375 0 0
41 0.50625 0 0
42 0.51875 0 0
43 0.53125 0 0
44 0.54375 0 0
45 0.55625 0 0
46 0.56875 0 0
47 0.58125 0 0
48 0.59375 0 0
49 0.60625 0 0
50 0.61875 0 0
51 0.63125 0 0
52 0.64375 0 0
53 0.65625 0 0
54 0.66875 0 0
55 0.68125 0 0
56 0.69375 0 0
57 0.70625 0 0
58 0.71875 0 0
59 0.73125 0 0
60 0.74375 0 0
61 0.75625 0 0
62 0.76875 0 0
63 0.78125 0 0
64 0.79375 0 0
65 0.80625 0 0
66 0.81875 0 0
67 0.83125 0 0
68 0.84375 0 0
69 0.85625 0 0
70 0.86875 0.00499708 0.0005
71 0.88125 0.0194253 0.0025
72 0.89375 0.0377715 0.0065
73 0.90625 0.050513 0.012
74 0.91875 0.174252 0.0315
75 0.93125 0.365303 0.0735
76 0.94375 0.779132 0.1655
77 0.95625 0.936246 0.279
78 0.96875 1.22168 0.431
79 0.98125 1.52761 0.626
80 0.99375 1.94771 0.881
81 1.00625 2.34659 1.196
82 1.01875 2.1658 1.494
83 1.03125 2.34413 1.8245
84 1.04375 2.52719 2.1895
85 1.05625 2.559 2.568
86 1.06875 2.66789 2.972
87 1.08125 2.42591 3.348
88 1.09375 2.20369 3.6975
89 1.10625 2.18498 4.052
90 1.11875 2.18766 4.415
91 1.13125 2.10421 4.772
92 1.14375 1.91144 5.1035
93 1.15625 1.7716 5.4175
94 1.16875 1.68973 5.7235
95 1.18125 1.63794 6.0265
96 1.19375 1.43973 6.2985
97 1.20625 1.42819 6.574
98 1.21875 1.40666 6.851
99 1.23125 1.28869 7.11
100 1.24375 1.27754 7.372
101 1.25625 1.13514 7.6095
102 1.26875 1.17849 7.861
103 1.28125 1.07749 8.0955
104 1.29375 1.08607 8.3365
105 1.30625 0.985808 8.5595
106 1.31875 0.949859 8.7785
107 1.33125 0.972539 9.007
108 1.34375 0.939909 9.232
109 1.35625 0.932915 9.4595
110 1.36875 0.833417 9.6665
111 1.38125 0.832239 9.877
112 1.39375 0.778547 10.0775
113 1.40625 0.738068 10.271
114 1.41875 0.751352 10.4715
115 1.43125 0.767743 10.68
116 1.44375 0.716509 10.878
117 1.45625 0.656244 11.0625
118 1.46875 0.729039 11.271
119 1.48125 0.720225 11.4805
120 1.49375 0.69808 11.687
121 1.50625 0.668256 11.888
122 1.51875 0.647491 12.086
123 1.53125 0.738298 12.3155
124 1.54375 0.693156 12.5345
125 1.55625 0.627563 12.736
126 1.56875 0.68963 12.961
127 1.58125 0.651619 13.177
128 1.59375 0.702315 13.4135
129 1.60625 0.720662 13.66
130 1.61875 0.698061 13.9025
131 1.63125 0.718585 14.156
132 1.64375 0.759344 14.428
133 1.65625 0.761674 14.705
134 1.66875 0.7327 14.9755
135 1.68125 0.733854 15.2505
136 1.69375 0.808515 15.558
137 1.70625 0.822621 15.8755
138 1.71875 0.773675 16.1785
139 1.73125 0.848109 16.5155
140 1.74375 0.854599 16.86
141 1.75625 0.853482 17.209
142 1.76875 0.978892 17.615
143 1.78125 0.906956 17.9965
144 1.79375 0.944763 18.3995
145 1.80625 0.973348 18.8205
146 1.81875 0.981677 19.251
147 1.83125 1.06167 19.723
148 1.84375 0.972987 20.1615
149 1.85625 1.04202 20.6375
150 1.86875 1.05728 21.127
151 1.88125 1.04328 21.6165
152 1.89375 1.059 22.12
153 1.90625 1.10847 22.654
154 1.91875 1.07358 23.178
155 1.93125 1.15175 23.7475
156 1.94375 1.14996 24.3235
157 1.95625 1.15798 24.911
158 1.96875 1.19489 25.525
159 1.98125 1.20581 26.1525
160 1.99375 1.19073 26.78
161 2.00625 1.17219 27.4055
162 2.01875 1.24934 28.0805
163 2.03125 1.23584 28.7565
164 2.04375 1.15305 29.395
165 2.05625 1.17386 30.053
166 2.06875 1.21083 30.74
167 2.08125 1.19285 31.425
168 2.09375 1.19757 32.121
169 2.10625 1.1681 32.808
170 2.11875 1.15604 33.496
171 2.13125 1.12757 34.175
172 2.14375 1.17355 34.89
173 2.15625 1.12348 35.5825
174 2.16875 1.14825 36.2985
175 2.18125 1.13592 37.015
176 2.19375 1.06032 37.6915
177 2.20625 1.03671 38.3605
178 2.21875 1.03349 39.035
179 2.23125 0.991643 39.6895
180 2.24375 1.00909 40.363
181 2.25625 1.0498 41.0715
182 2.26875 1.06025 41.795
183 2.28125 1.02257 42.5005
184 2.29375 1.05877 43.239
185 2.30625 0.974995 43.9265
186 2.31875 0.942064 44.598
187 2.33125 0.97085 45.2975
188 2.34375 0.977 46.009
189 2.35625 0.898051 46.67
190 2.36875 0.924895 47.358
191 2.38125 0.937159 48.0625
192 2.39375 0.914233 48.757
193 2.40625 0.904108 49.451
194 2.41875 0.898011 50.1475
195 2.43125 0.939844 50.884
196 2.44375 0.896783 51.594
197 2.45625 0.911433 52.323
198 2.46875 0.899752 53.05
199 2.48125 0.932365 53.811
200 2.49375 0.905454 54.5575
700 200
1 0.00625 0 0
2 0.01875 0 0
3 0.03125 0 0
4 0.04375 0 0
5 0.05625 0 0
6 0.06875 0 0
7 0.08125 0 0
8 0.09375 0 0
9 0.10625 0 0
10 0.11875 0 0
11 0.13125 0 0
12 0.14375 0 0
13 0.15625 0 0
14 0.16875 0 0
15 0.18125 0 0
16 0.19375 0 0
17 0.20625 0 0
18 0.21875 0 0
19 0.23125 0 0
20 0.24375 0 0
21 0.25625 0 0
22 0.26875 0 0
23 0.28125 0 0
24 0.29375 0 0
25 0.30625 0 0
26 0.31875 0 0
27 0.33125 0 0
28 0.34375 0 0
29 0.35625 0 0
30 0.36875 0 0
31 0.38125 0 0
32 0.39375 0 0
33 0.40625 0 0
34 0.41875 0 0
35 0.43125 0 0
36 0.44375 0 0
37 0.45625 0 0
38 0.46875 0 0
39 0.48125 0 0
40 0.49375 0 0
41 0.50625 0 0
42 0.51875 0 0
43 0.53125 0 0
44 0.54375 0 0
45 0.55625 0 0
46 0.56875 0 0
47 0.58125 0 0
48 0.59375 0 0
49 0.60625 0 0
50 0.61875 0 0
51 0.63125 0 0
52 0.64375 0 0
53 0.65625 0 0
54 0.66875 0 0
55 0.68125 0 0
56 0.69375 0 0
57 0.70625 0 0
58 0.71875 0 0
59 0.73125 0 0
60 0.74375 0 0
61 0.75625 0 0
62 0.76875 0 0
63 0.78125 0 0
64 0.79375 0 0
65 0.80625 0 0
66 0.81875 0 0
67 0.83125 0 0
68 0.84375 0 0
69 0.85625 0 0
70 0.86875 0 0
71 0.88125 0.0194253 0.002
72 0.89375 0.0566572 0.008
73 0.90625 0.137763 0.023
74 0.91875 0.241271 0.05
75 0.93125 0.334861 0.0885
76 0.94375 0.715616 0.173
77 0.95625 0.98574 0.2925
78 0.96875 1.36635 0.4625
79 0.98125 1.52761 0.6575
80 0.99375 1.81022 0.8945
81 1.00625 2.19015 1.1885
82 1.01875 2.19487 1.4905
83 1.03125 2.23774 1.806
84 1.04375 2.73837 2.2015
85 1.05625 2.41364 2.5585
86 1.06875 2.57544 2.9485
87 1.08125 2.49688 3.3355
88 1.09375 2.34871 3.708
89 1.10625 2.21888 4.068
90 1.11875 2.13643 4.4225
91 1.13125 2.06001 4.772
92 1.14375 2.04117 5.126
93 1.15625 1.96907 5.475
94 1.16875 1.65108 5.774
95 1.18125 1.5947 6.069
96 1.19375 1.5403 6.36
97 1.20625 1.45152 6.64
98 1.21875 1.40666 6.917
99 1.23125 1.20908 7.16
100 1.24375 1.22634 7.4115
101 1.25625 1.15187 7.6525
102 1.26875 1.14569 7.897
103 1.28125 1.0752 8.131
104 1.29375 1.02298 8.358
105 1.30625 1.08748 8.604
106 1.31875 0.8848 8.808
107 1.33125 0.887415 9.0165
108 1.34375 0.868894 9.2245
109 1.35625 0.832447 9.4275
110 1.36875 0.813286 9.6295
111 1.38125 0.80654 9.8335
112 1.39375 0.842617 10.0505
113 1.40625 0.734254 10.243
114 1.41875 0.71013 10.4325
115 1.43125 0.751173 10.6365
116 1.44375 0.649563 10.816
117 1.45625 0.695369 11.0115
118 1.46875 0.767502 11.231
119 1.48125 0.709911 11.4375
120 1.49375 0.660894 11.633
121 1.50625 0.744723 11.857
122 1.51875 0.642585 12.0535
123 1.53125 0.747949 12.286
124 1.54375 0.66467 12.496
125 1.55625 0.699196 12.7205
126 1.56875 0.668175 12.9385
127 1.58125 0.705921 13.1725
128 1.59375 0.694891 13.4065
129 1.60625 0.71043 13.6495
130 1.61875 0.754194 13.9115
131 1.63125 0.69449 14.1565
132 1.64375 0.724448 14.416
133 1.65625 0.712179 14.675
134 1.66875 0.766558 14.958
135 1.68125 0.769879 15.2465
136 1.69375 0.830864 15.5625
137 1.70625 0.845939 15.889
138 1.71875 0.796656 16.201
139 1.73125 0.848109 16.538
140 1.74375 0.848397 16.88
141 1.75625 0.931738 17.261
142 1.76875 0.86075 17.618
143 1.78125 0.889126 17.992
144 1.79375 0.907254 18.379
145 1.80625 0.944448 18.7875
146 1.81875 0.986238 19.22
147 1.83125 0.933457 19.635
148 1.84375 1.04621 20.1065
149 1.85625 1.07486 20.5975
150 1.86875 1.06376 21.09
151 1.88125 1.11148 21.6115
152 1.89375 1.09686 22.133
153 1.90625 1.17282 22.698
154 1.91875 1.12993 23.2495
155 1.93125 1.13254 23.8095
156 1.94375 1.06411 24.3425
157 1.95625 1.17966 24.941
158 1.96875 1.20657 25.561
159 1.98125 1.152 26.1605
160 1.99375 1.2173 26.802
161 2.00625 1.15626 27.419
162 2.01875 1.2225 28.0795
163 2.03125 1.16454 28.7165
164 2.04375 1.18104 29.3705
165 2.05625 1.20865 30.048
166 2.06875 1.19937 30.7285
167 2.08125 1.22332 31.431
168 2.09375 1.15025 32.0995
169 2.10625 1.1613 32.7825
170 2.11875 1.14175 33.462
171 2.13125 1.18901 34.178
172 2.14375 1.10789 34.853
173 2.15625 1.11374 35.5395
174 2.16875 1.14344 36.2525
175 2.18125 1.09074 36.9405
176 2.19375 1.08383 37.632
177 2.20625 1.12194 38.356
178 2.21875 1.03732 39.033
179 2.23125 1.05755 39.731
180 2.24375 0.992611 40.3935
181 2.25625 1.0461 41.0995
182 2.26875 0.9584 41.7535
183 2.28125 1.03707 42.469
184 2.29375 1.04156 43.1955
185 2.30625 0.984922 43.89
186 2.31875 0.944169 44.563
187 2.33125 0.94795 45.246
188 2.34375 0.956403 45.9425
189 2.35625 0.942886 46.6365
190 2.36875 0.946404 47.3405
191 2.38125 0.91388 48.0275
192 2.39375 0.939245 48.741
193 2.40625 0.904108 49.435
194 2.41875 0.896077 50.13
195 2.43125 0.898371 50.834
196 2.44375 0.91194 51.556
197 2.45625 0.920185 52.292
198 2.46875 0.897276 53.017
199 2.48125 0.919501 53.7675
200 2.49375 0.884228 54.4965
750 200
1 0.00625 0 0
2 0.01875 0 0
3 0.03125 0 0
4 0.04375 0 0
5 0.05625 0 0
6 0.06875 0 0
7 0.08125 0 0
8 0.09375 0 0
9 0.10625 0 0
10 0.11875 0 0
11 0.13125 0 0
12 0.14375 0 0
13 0.15625 0 0
14 0.16875 0 0
15 0.18125 0 0
16 0.19375 0 0
17 0.20625 0 0
18 0.21875 0 0
19 0.23125 0 0
20 0.24375 0 0
21 0.25625 0 0
22 0.26875 0 0
23 0.28125 0 0
24 0.29375 0 0
25 0.30625 0 0
26 0.31875 0 0
27 0.33125 0 0
28 0.34375 0 0
29 0.35625 0 0
30 0.36875 0 0
31 0.38125 0 0
32 0.39375 0 0
33 0.40625 0 0
34 0.41875 0 0
35 0.43125 0 0
36 0.44375 0 0
37 0.45625 0 0
38 0.46875 0 0
39 0.48125 0 0
40 0.49375 0 0
41 0.50625 0 0
42 0.51875 0 0
43 0.53125 0 0
44 0.54375 0 0
45 0.55625 0 0
46 0.56875 0 0
47 0.58125 0 0
48 0.59375 0 0
49 0.60625 0 0
50 0.61875 0 0
51 0.63125 0 0
52 0.64375 0 0
53 0.65625 0 0
54 0.66875 0 0
55 0.68125 0 0
56 0.69375 0 0
57 0.70625 0 0
58 0.71875 0 0
59 0.73125 0 0
60 0.74375 0 0
61 0.75625 0 0
62 0.76875 0 0
63 0.78125 0 0
64 0.79375 0 0
65 0.80625 0 0
66 0.81875 0 0
67 0.83125 0 0
68 0.84375 0 0
69 0.85625 0 0
70 0.86875 0.00999416 0.001
71 0.88125 0.00971265 0.002
72 0.89375 0.0188857 0.004
73 0.90625 0.0642893 0.011
74 0.91875 0.232335 0.037
75 0.93125 0.434885 0.087
76 0.94375 0.618224 0.16
77 0.95625 0.981615 0.279
78 0.96875 1.24177 0.4335
79 0.98125 1.5707 0.634
80 0.99375 1.82168 0.8725
81 1.00625 2.19015 1.1665
82 1.01875 2.23848 1.4745
83 1.03125 2.48598 1.825
84 1.04375 2.56181 2.195
85 1.05625 2.27166 2.531
86 1.06875 2.42685 2.8985
87 1.08125 2.43558 3.276
88 1.09375 2.3424 3.6475
89 1.10625 2.30826 4.022
90 1.11875 2.15752 4.38
91 1.13125 2.13369 4.742
92 1.14375 1.89991 5.0715
93 1.15625 1.87598 5.404
94 1.16875 1.76152 5.723
95 1.18125 1.64605 6.0275
96 1.19375 1.56941 6.324
97 1.20625 1.54483 6.622
98 1.21875 1.39397 6.8965
99 1.23125 1.29864 7.1575
100 1.24375 1.32874 7.43
101 1.25625 1.21879 7.685
102 1.26875 1.16912 7.9345
103 1.28125 1.08209 8.17
104 1.29375 0.948618 8.3805
105 1.30625 0.928339 8.5905
106 1.31875 1.07998 8.8395
107 1.33125 0.921465 9.056
108 1.34375 0.879337 9.2665
109 1.35625 0.809893 9.464
110 1.36875 0.853548 9.676
111 1.38125 0.790726 9.876
112 1.39375 0.73001 10.064
113 1.40625 0.801004 10.274
114 1.41875 0.792573 10.4855
115 1.43125 0.751173 10.6895
116 1.44375 0.651372 10.8695
117 1.45625 0.698926 11.066
118 1.46875 0.695822 11.265
119 1.48125 0.71163 11.472
120 1.49375 0.672726 11.671
121 1.50625 0.731424 11.891
122 1.51875 0.781567 12.13
123 1.53125 0.657873 12.3345
124 1.54375 0.721642 12.5625
125 1.55625 0.699196 12.787
126 1.56875 0.69576 13.014
127 1.58125 0.692345 13.2435
128 1.59375 0.642923 13.46
129 1.60625 0.689965 13.696
130 1.61875 0.731165 13.95
131 1.63125 0.725672 14.206
132 1.64375 0.695135 14.455
133 1.65625 0.743801 14.7255
134 1.66875 0.721865 14.992
135 1.68125 0.692491 15.2515
136 1.69375 0.754614 15.5385
137 1.70625 0.816144 15.8535
138 1.71875 0.84517 16.1845
139 1.73125 0.830493 16.5145
140 1.74375 0.873204 16.8665
141 1.75625 0.846145 17.2125
142 1.76875 0.893299 17.583
143 1.78125 0.927164 17.973
144 1.79375 0.920147 18.3655
145 1.80625 1.00918 18.802
146 1.81875 0.949753 19.2185
147 1.83125 0.98744 19.6575
148 1.84375 1.03734 20.125
149 1.85625 1.03545 20.598
150 1.86875 1.04541 21.082
151 1.88125 0.99213 21.5475
152 1.89375 1.11684 22.0785
153 1.90625 1.1147 22.6155
154 1.91875 1.14529 23.1745
155 1.93125 1.10827 23.7225
156 1.94375 1.17991 24.3135
157 1.95625 1.15404 24.899
158 1.96875 1.13262 25.481
159 1.98125 1.11933 26.0635
160 1.99375 1.22299 26.708
161 2.00625 1.25371 27.377
162 2.01875 1.19752 28.024
163 2.03125 1.2011 28.681
164 2.04375 1.18104 29.335
165 2.05625 1.18635 30
166 2.06875 1.25577 30.7125
167 2.08125 1.22593 31.4165
168 2.09375 1.19671 32.112
169 2.10625 1.09924 32.7585
170 2.11875 1.18124 33.4615
171 2.13125 1.14667 34.152
172 2.14375 1.18175 34.872
173 2.15625 1.16809 35.592
174 2.16875 1.1282 36.2955
175 2.18125 1.11848 37.001
176 2.19375 1.10734 37.7075
177 2.20625 1.06771 38.3965
178 2.21875 1.11164 39.122
179 2.23125 1.05831 39.8205
180 2.24375 1.02482 40.5045
181 2.25625 1.03128 41.2005
182 2.26875 1.0031 41.885
183 2.28125 0.970392 42.5545
184 2.29375 0.99712 43.25
185 2.30625 0.999813 43.955
186 2.31875 0.956093 44.6365
187 2.33125 0.909782 45.292
188 2.34375 0.935119 45.973
189 2.35625 0.921827 46.6515
190 2.36875 0.91414 47.3315
191 2.38125 0.935164 48.0345
192 2.39375 0.911601 48.727
193 2.40625 0.90997 49.4255
194 2.41875 0.94636 50.1595
195 2.43125 0.936016 50.893
196 2.44375 0.925202 51.6255
197 2.45625 0.925186 52.3655
198 2.46875 0.889851 53.0845
199 2.48125 0.918276 53.834
200 2.49375 0.904848 54.58
800 200
1 0.00625 0 0
2 0.01875 0 0
3 0.03125 0 0
4 0.04375 0 0
5 0.05625 0 0
6 0.06875 0 0
7 0.08125 0 0
8 0.09375 0 0
9 0.10625 0 0
10 0.11875 0 0
11 0.13125 0 0
12 0.14375 0 0
13 0.15625 0 0
14 0.16875 0 0
15 0.18125 0 0
16 0.19375 0 0
17 0.20625 0 0
18 0.21875 0 0
19 0.23125 0 0
20 0.24375 0 0
21 0.25625 0 0
22 0.26875 0 0
23 0.28125 0 0
24 0.29375 0 0
25 0.30625 0 0
26 0.31875 0 0
27 0.33125 0 0
28 0.34375 0 0
29 0.35625 0 0
30 0.36875 0 0
31 0.38125 0 0
32 0.39375 0 0
33 0.40625 0 0
34 0.41875 0 0
35 0.43125 0 0
36 0.44375 0 0
37 0.45625 0 0
38 0.46875 0 0
39 0.48125 0 0
40 0.49375 0 0
41 0.50625 0 0
42 0.51875 0 0
43 0.53125 0 0
44 0.54375 0 0
45 0.55625 0 0
46 0.56875 0 0
47 0.58125 0 0
48 0.59375 0 0
49 0.60625 0 0
50 0.61875 0 0
51 0.63125 0 0
52 0.64375 0 0
53 0.65625 0 0
54 0.66875 0 0
55 0.68125 0 0
56 0.69375 0 0
57 0.70625 0 0
58 0.71875 0 0
59 0.73125 0 0
60 0.74375 0 0
61 0.75625 0 0
62 0.76875 0 0
63 0.78125 0 0
64 0.79375 0 0
65 0.80625 0 0
66 0.81875 0 0
67 0.83125 0 0
68 0.84375 0 0
69 0.85625 0 0
70 0.86875 0.00499708 0.0005
71 0.88125 0.0242816 0.003
72 0.89375 0.0472144 0.008
73 0.90625 0.0826576 0.017
74 0.91875 0.223399 0.042
75 0.93125 0.45228 0.094
76 0.94375 0.626693 0.168
77 0.95625 0.83726 0.2695
78 0.96875 1.23775 0.4235
79 0.98125 1.5472 0.621
80 0.99375 1.68419 0.8415
81 1.00625 2.21995 1.1395
82 1.01875 2.34386 1.462
83 1.03125 2.42215 1.8035
84 1.04375 2.42333 2.1535
85 1.05625 2.45083 2.516
86 1.06875 2.516 2.897
87 1.08125 2.4743 3.2805
88 1.09375 2.4023 3.6615
89 1.10625 2.32675 4.039
90 1.11875 2.1756 4.4
91 1.13125 2.0659 4.7505
92 1.14375 1.99793 5.097
93 1.15625 1.84777 5.4245
94 1.16875 1.75047 5.7415
95 1.18125 1.60551 6.0385
96 1.19375 1.58 6.337
97 1.20625 1.51114 6.6285
98 1.21875 1.37112 6.8985
99 1.23125 1.34093 7.168
100 1.24375 1.21903 7.418
101 1.25625 1.15904 7.6605
102 1.26875 1.17615 7.9115
103 1.28125 1.14182 8.16
104 1.29375 0.937352 8.368
105 1.30625 0.992439 8.5925
106 1.31875 0.958534 8.8135
107 1.33125 0.972539 9.042
108 1.34375 0.891869 9.2555
109 1.35625 0.920613 9.48
110 1.36875 0.889784 9.701
111 1.38125 0.755143 9.892
112 1.39375 0.80767 10.1
113 1.40625 0.816261 10.314
114 1.41875 0.756973 10.516
115 1.43125 0.716192 10.7105
116 1.44375 0.667656 10.895
117 1.45625 0.64913 11.0775
118 1.46875 0.685332 11.2735
119 1.48125 0.677252 11.4705
120 1.49375 0.681177 11.672
121 1.50625 0.741398 11.895
122 1.51875 0.647491 12.093
123 1.53125 0.646614 12.294
124 1.54375 0.63935 12.496
125 1.55625 0.700753 12.721
126 1.56875 0.678902 12.9425
127 1.58125 0.681787 13.1685
128 1.59375 0.636983 13.383
129 1.60625 0.656344 13.6075
130 1.61875 0.746997 13.867
131 1.63125 0.710081 14.1175
132 1.64375 0.724448 14.377
133 1.65625 0.813919 14.673
134 1.66875 0.7327 14.9435
135 1.68125 0.777885 15.235
136 1.69375 0.734894 15.5145
137 1.70625 0.799303 15.823
138 1.71875 0.849 16.1555
139 1.73125 0.804068 16.475
140 1.74375 0.883127 16.831
141 1.75625 0.888942 17.1945
142 1.76875 0.894505 17.5655
143 1.78125 0.93073 17.957
144 1.79375 0.95414 18.364
145 1.80625 0.974504 18.7855
146 1.81875 0.991939 19.2205
147 1.83125 0.975069 19.654
148 1.84375 0.994067 20.102
149 1.85625 1.03655 20.5755
150 1.86875 1.08752 21.079
151 1.88125 1.05287 21.573
152 1.89375 1.09791 22.095
153 1.90625 1.12819 22.6385
154 1.91875 1.13198 23.191
155 1.93125 1.15074 23.76
156 1.94375 1.08208 24.302
157 1.95625 1.18853 24.905
158 1.96875 1.19976 25.5215
159 1.98125 1.18371 26.1375
160 1.99375 1.15183 26.7445
161 2.00625 1.26777 27.421
162 2.01875 1.22065 28.0805
163 2.03125 1.16088 28.7155
164 2.04375 1.21354 29.3875
165 2.05625 1.19527 30.0575
166 2.06875 1.20025 30.7385
167 2.08125 1.11448 31.3785
168 2.09375 1.17864 32.0635
169 2.10625 1.22251 32.7825
170 2.11875 1.16276 33.4745
171 2.13125 1.1832 34.187
172 2.14375 1.08656 34.849
173 2.15625 1.12591 35.543
174 2.16875 1.12099 36.242
175 2.18125 1.13988 36.961
176 2.19375 1.11596 37.673
177 2.20625 1.08088 38.3705
178 2.21875 1.05188 39.057
179 2.23125 1.04164 39.7445
180 2.24375 1.10348 40.481
181 2.25625 1.04462 41.186
182 2.26875 1.00603 41.8725
183 2.28125 0.997931 42.561
184 2.29375 1.04085 43.287
185 2.30625 0.979958 43.978
186 2.31875 1.0066 44.6955
187 2.33125 0.915334 45.355
188 2.34375 0.966702 46.059
189 2.35625 0.917751 46.7345
190 2.36875 0.887254 47.3945
191 2.38125 0.957778 48.1145
192 2.39375 0.91555 48.81
193 2.40625 0.877402 49.4835
194 2.41875 0.884473 50.1695
195 2.43125 0.890077 50.867
196 2.44375 0.89994 51.5795
197 2.45625 0.893305 52.294
198 2.46875 0.86943 52.9965
199 2.48125 0.905411 53.7355
200 2.49375 0.941236 54.5115
850 200
1 0.00625 0 0
2 0.01875 0 0
3 0.03125 0 0
4 0.04375 0 0
5 0.05625 0 0
6 0.06875 0 0
7 0.08125 0 0
8 0.09375 0 0
9 0.10625 0 0
10 0.11875 0 0
11 0.13125 0 0
12 0.14375 0 0
13 0.15625 0 0
14 0.16875 0 0
15 0.18125 0 0
16 0.19375 0 0
17 0.20625 0 0
18 0.21875 0 0
19 0.23125 0 0
20 0.24375 0 0
21 0.25625 0 0
22 0.26875 0 0
23 0.28125 0 0
24 0.29375 0 0
25 0.30625 0 0
26 0.31875 0 0
27 0.33125 0 0
28 0.34375 0 0
29 0.35625 0 0
30 0.36875 0 0
31 0.38125 0 0
32 0.39375 0 0
33 0.40625 0 0
34 0.41875 0 0
35 0.43125 0 0
36 0.44375 0 0
37 0.45625 0 0
38 0.46875 0 0
39 0.48125 0 0
40 0.49375 0 0
41 0.50625 0 0
42 0.51875 0 0
43 0.53125 0 0
44 0.54375 0 0
45 0.55625 0 0
46 0.56875 0 0
47 0.58125 0 0
48 0.59375 0 0
49 0.60625 0 0
50 0.61875 0 0
51 0.63125 0 0
52 0.64375 0 0
53 0.65625 0 0
54 0.66875 0 0
55 0.68125 0 0
56 0.69375 0 0
57 0.70625 0 0
58 0.71875 0 0
59 0.73125 0 0
60 0.74375 0 0
61 0.75625 0 0
62 0.76875 0 0
63 0.78125 0 0
64 0.79375 0 0
65 0.80625 0 0
66 0.81875 0 0
67 0.83125 0 0
68 0.84375 0 0
69 0.85625 0 0
70 0.86875 0 0
71 0.88125 0.014569 0.0015
72 0.89375 0.0424929 0.006
73 0.90625 0.123986 0.0195
74 0.91875 0.201059 0.042
75 0.93125 0.387048 0.0865
76 0.94375 0.554708 0.152
77 0.95625 0.87438 0.258
78 0.96875 1.26589 0.4155
79 0.98125 1.56286 0.615
80 0.99375 1.90952 0.865
81 1.00625 2.1082 1.148
82 1.01875 2.31479 1.4665
83 1.03125 2.35477 1.7985
84 1.04375 2.60335 2.1745
85 1.05625 2.58605 2.557
86 1.06875 2.37402 2.9165
87 1.08125 2.49043 3.3025
88 1.09375 2.22891 3.656
89 1.10625 2.20964 4.0145
90 1.11875 2.12438 4.367
91 1.13125 2.0718 4.7185
92 1.14375 2.05847 5.0755
93 1.15625 1.94368 5.42
94 1.16875 1.8195 5.7495
95 1.18125 1.58659 6.043
96 1.19375 1.48737 6.324
97 1.20625 1.40486 6.595
98 1.21875 1.45491 6.8815
99 1.23125 1.33844 7.1505
100 1.24375 1.30924 7.419
101 1.25625 1.28331 7.6875
102 1.26875 1.14569 7.932
103 1.28125 0.985597 8.1465
104 1.29375 1.02973 8.375
105 1.30625 1.03444 8.609
106 1.31875 0.952028 8.8285
107 1.33125 0.932105 9.0475
108 1.34375 0.881426 9.2585
109 1.35625 0.826296 9.46
110 1.36875 0.859587 9.6735
111 1.38125 0.848053 9.888
112 1.39375 0.741659 10.079
113 1.40625 0.736161 10.272
114 1.41875 0.74573 10.471
115 1.43125 0.718033 10.666
116 1.44375 0.752697 10.874
117 1.45625 0.679363 11.065
118 1.46875 0.736033 11.2755
119 1.48125 0.658344 11.467
120 1.49375 0.740336 11.686
121 1.50625 0.671581 11.888
122 1.51875 0.63441 12.082
123 1.53125 0.665915 12.289
124 1.54375 0.678913 12.5035
125 1.55625 0.640021 12.709
126 1.56875 0.691162 12.9345
127 1.58125 0.693854 13.1645
128 1.59375 0.715678 13.4055
129 1.60625 0.717739 13.651
130 1.61875 0.654882 13.8785
131 1.63125 0.739845 14.1395
132 1.64375 0.74399 14.406
133 1.65625 0.813919 14.702
134 1.66875 0.708322 14.9635
135 1.68125 0.787225 15.2585
136 1.69375 0.830864 15.5745
137 1.70625 0.807075 15.886
138 1.71875 0.836233 16.2135
139 1.73125 0.804068 16.533
140 1.74375 0.804985 16.8575
141 1.75625 0.863264 17.2105
142 1.76875 0.929465 17.596
143 1.78125 0.911711 17.9795
144 1.79375 0.956485 18.3875
145 1.80625 0.902832 18.778
146 1.81875 0.970276 19.2035
147 1.83125 0.942455 19.6225
148 1.84375 1.01182 20.0785
149 1.85625 1.09894 20.5805
150 1.86875 1.00977 21.048
151 1.88125 1.12534 21.576
152 1.89375 1.1221 22.1095
153 1.90625 1.0711 22.6255
154 1.91875 1.15349 23.1885
155 1.93125 1.15681 23.7605
156 1.94375 1.16394 24.3435
157 1.95625 1.14615 24.925
158 1.96875 1.16862 25.5255
159 1.98125 1.16929 26.134
160 1.99375 1.16986 26.7505
161 2.00625 1.20311 27.3925
162 2.01875 1.11238 27.9935
163 2.03125 1.25138 28.678
164 2.04375 1.18465 29.334
165 2.05625 1.25325 30.0365
166 2.06875 1.17646 30.704
167 2.08125 1.16324 31.372
168 2.09375 1.20359 32.0715
169 2.10625 1.15535 32.751
170 2.11875 1.23921 33.4885
171 2.13125 1.1201 34.163
172 2.14375 1.17437 34.8785
173 2.15625 1.12266 35.5705
174 2.16875 1.12018 36.269
175 2.18125 1.12007 36.9755
176 2.19375 1.06267 37.6535
177 2.20625 1.09405 38.3595
178 2.21875 1.07486 39.061
179 2.23125 1.03634 39.745
180 2.24375 1.02258 40.4275
181 2.25625 1.02461 41.119
182 2.26875 1.01775 41.8135
183 2.28125 1.04939 42.5375
184 2.29375 0.967012 43.212
185 2.30625 1.02179 43.9325
186 2.31875 0.946273 44.607
187 2.33125 0.931295 45.278
188 2.34375 0.966015 45.9815
189 2.35625 0.917751 46.657
190 2.36875 0.949093 47.363
191 2.38125 0.907894 48.0455
192 2.39375 0.930688 48.7525
193 2.40625 0.91453 49.4545
194 2.41875 0.893498 50.1475
195 2.43125 0.896457 50.85
196 2.44375 0.892993 51.557
197 2.45625 0.911433 52.286
198 2.46875 0.920172 53.0295
199 2.48125 0.891934 53.7575
200 2.49375 0.864214 54.47
900 200
1 0.00625 0 0
2 0.01875 0 0
3 0.03125 0 0
4 0.04375 0 0
5 0.05625 0 0
6 0.06875 0 0
7 0.08125 0 0
8 0.09375 0 0
9 0.10625 0 0
10 0.11875 0 0
11 0.13125 0 0
12 0.14375 0 0
13 0.15625 0 0
14 0.16875 0 0
15 0.18125 0 0
16 0.19375 0 0
17 0.20625 0 0
18 0.21875 0 0
19 0.23125 0 0
20 0.24375 0 0
21 0.25625 0 0
22 0.26875 0 0
23 0.28125 0 0
24 0.29375 0 0
25 0.30625 0 0
26 0.31875 0 0
27 0.33125 0 0
28 0.34375 0 0
29 0.35625 0 0
30 0.36875 0 0
31 0.38125 0 0
32 0.39375 0 0
33 0.40625 0 0
34 0.41875 0 0
35 0.43125 0 0
36 0.44375 0 0
37 0.45625 0 0
38 0.46875 0 0
39 0.48125 0 0
40 0.49375 0 0
41 0.50625 0 0
42 0.51875 0 0
43 0.53125 0 0
44 0.54375 0 0
45 0.55625 0 0
46 0.56875 0 0
47 0.58125 0 0
48 0.59375 0 0
49 0.60625 0 0
50 0.61875 0 0
51 0.63125 0 0
52 0.64375 0 0
53 0.65625 0 0
54 0.66875 0 0
55 0.68125 0 0
56 0.69375 0 0
57 0.70625 0 0
58 0.71875 0 0
59 0.73125 0 0
60 0.74375 0 0
61 0.75625 0 0
62 0.76875 0 0
63 0.78125 0 0
64 0.79375 0 0
65 0.80625 0 0
66 0.81875 0 0
67 0.83125 0 0
68 0.84375 0 0
69 0.85625 0 0
70 0.86875 0 0
71 0.88125 0.0242816 0.0025
72 0.89375 0.0330501 0.006
73 0.90625 0.0918418 0.016
74 0.91875 0.317227 0.0515
75 0.93125 0.45228 0.1035
76 0.94375 0.656334 0.181
77 0.95625 0.849633 0.284
78 0.96875 1.26187 0.441
79 0.98125 1.51194 0.634
80 0.99375 1.89042 0.8815
81 1.00625 2.1976 1.1765
82 1.01875 2.42381 1.51
83 1.03125 2.40087 1.8485
84 1.04375 2.49603 2.209
85 1.05625 2.28519 2.547
86 1.06875 2.56553 2.9355
87 1.08125 2.35816 3.301
88 1.09375 2.32979 3.6705
89 1.10625 2.16341 4.0215
90 1.11875 2.13643 4.376
91 1.13125 2.07769 4.7285
92 1.14375 1.78459 5.038
93 1.15625 1.88162 5.3715
94 1.16875 1.77532 5.693
95 1.18125 1.66767 6.0015
96 1.19375 1.6197 6.3075
97 1.20625 1.53706 6.604
98 1.21875 1.34319 6.8685
99 1.23125 1.21654 7.113
100 1.24375 1.22147 7.3635
101 1.25625 1.22357 7.6195
102 1.26875 1.2066 7.877
103 1.28125 1.10047 8.1165
104 1.29375 1.02072 8.343
105 1.30625 0.994649 8.568
106 1.31875 1.03877 8.8075
107 1.33125 0.900184 9.019
108 1.34375 0.883514 9.2305
109 1.35625 0.783239 9.4215
110 1.36875 0.863613 9.636
111 1.38125 0.820378 9.8435
112 1.39375 0.745542 10.0355
113 1.40625 0.730439 10.227
114 1.41875 0.755099 10.4285
115 1.43125 0.679369 10.613
116 1.44375 0.712891 10.81
117 1.45625 0.754058 11.022
118 1.46875 0.709808 11.225
119 1.48125 0.718506 11.434
120 1.49375 0.669345 11.632
121 1.50625 0.723113 11.8495
122 1.51875 0.729245 12.0725
123 1.53125 0.699694 12.29
124 1.54375 0.629854 12.489
125 1.55625 0.778614 12.739
126 1.56875 0.692695 12.965
127 1.58125 0.698379 13.1965
128 1.59375 0.730526 13.4425
129 1.60625 0.730895 13.6925
130 1.61875 0.718211 13.942
131 1.63125 0.746932 14.2055
132 1.64375 0.753761 14.4755
133 1.65625 0.772673 14.7565
134 1.66875 0.758432 15.0365
135 1.68125 0.80457 15.338
136 1.69375 0.720433 15.612
137 1.70625 0.761734 15.906
138 1.71875 0.82985 16.231
139 1.73125 0.848109 16.568
140 1.74375 0.885607 16.925
141 1.75625 0.866932 17.2795
142 1.76875 0.852311 17.633
143 1.78125 0.950937 18.033
144 1.79375 0.967034 18.4455
145 1.80625 0.950228 18.8565
146 1.81875 0.913268 19.257
147 1.83125 0.995313 19.6995
148 1.84375 1.04843 20.172
149 1.85625 1.03655 20.6455
150 1.86875 1.05512 21.134
151 1.88125 0.988933 21.598
152 1.89375 1.08529 22.114
153 1.90625 1.07941 22.634
154 1.91875 1.06027 23.1515
155 1.93125 1.11029 23.7005
156 1.94375 1.14397 24.2735
157 1.95625 1.1501 24.857
158 1.96875 1.15403 25.45
159 1.98125 1.20484 26.077
160 1.99375 1.22204 26.721
161 2.00625 1.27245 27.4
162 2.01875 1.17345 28.034
163 2.03125 1.29068 28.74
164 2.04375 1.16027 29.3825
165 2.05625 1.20954 30.0605
166 2.06875 1.15443 30.7155
167 2.08125 1.13973 31.37
168 2.09375 1.16488 32.047
169 2.10625 1.16725 32.7335
170 2.11875 1.12327 33.402
171 2.13125 1.23883 34.148
172 2.14375 1.16534 34.858
173 2.15625 1.13402 35.557
174 2.16875 1.15707 36.2785
175 2.18125 1.09866 36.9715
176 2.19375 1.08069 37.661
177 2.20625 1.14519 38.4
178 2.21875 1.05111 39.086
179 2.23125 1.04088 39.773
180 2.24375 1.06003 40.4805
181 2.25625 1.01498 41.1655
182 2.26875 1.01262 41.8565
183 2.28125 0.983437 42.535
184 2.29375 0.973464 43.214
185 2.30625 0.984213 43.908
186 2.31875 0.984853 44.61
187 2.33125 0.954195 45.2975
188 2.34375 0.947477 45.9875
189 2.35625 0.953755 46.6895
190 2.36875 0.92355 47.3765
191 2.38125 0.94115 48.084
192 2.39375 0.913575 48.778
193 2.40625 0.936677 49.497
194 2.41875 0.822586 50.135
195 2.43125 0.917513 50.854
196 2.44375 0.896151 51.5635
197 2.45625 0.889554 52.275
198 2.46875 0.873762 52.981
199 2.48125 0.90051 53.716
200 2.49375 0.933352 54.4855
950 200
1 0.00625 0 0
2 0.01875 0 0
3 0.03125 0 0
4 0.04375 0 0
5 0.05625 0 0
6 0.06875 0 0
7 0.08125 0 0
8 0.09375 0 0
9 0.10625 0 0
10 0.11875 0 0
11 0.13125 0 0
12 0.14375 0 0
13 0.15625 0 0
14 0.16875 0 0
15 0.18125 0 0
16 0.19375 0 0
17 0.20625 0 0
18 0.21875 0 0
19 0.23125 0 0
20 0.24375 0 0
21 0.25625 0 0
22 0.26875 0 0
23 0.28125 0 0
24 0.29375 0 0
25 0.30625 0 0
26 0.31875 0 0
27 0.33125 0 0
28 0.34375 0 0
29 0.35625 0 0
30 0.36875 0 0
31 0.38125 0 0
32 0.39375 0 0
33 0.40625 0 0
34 0.41875 0 0
35 0.43125 0 0
36 0.44375 0 0
37 0.45625 0 0
38 0.46875 0 0
39 0.48125 0 0
40 0.49375 0 0
41 0.50625 0 0
42 0.51875 0 0
43 0.53125 0 0
44 0.54375 0 0
45 0.55625 0 0
46 0.56875 0 0
47 0.58125 0 0
48 0.59375 0 0
49 0.60625 0 0
50 0.61875 0 0
51 0.63125 0 0
52 0.64375 0 0
53 0.65625 0 0
54 0.66875 0 0
55 0.68125 0 0
56 0.69375 0 0
57 0.70625 0 0
58 0.71875 0 0
59 0.73125 0 0
60 0.74375 0 0
61 0.75625 0 0
62 0.76875 0 0
63 0.78125 0 0
64 0.79375 0 0
65 0.80625 0 0
66 0.81875 0 0
67 0.83125 0 0
68 0.84375 0 0
69 0.85625 0 0
70 0.86875 0.00999416 0.001
71 0.88125 0.00971265 0.002
72 0.89375 0.075543 0.01
73 0.90625 0.101026 0.021
74 0.91875 0.272547 0.0515
75 0.93125 0.408792 0.0985
76 0.94375 0.563177 0.165
77 0.95625 0.882629 0.272
78 0.96875 1.16542 0.417
79 0.98125 1.6647 0.6295
80 0.99375 1.84077 0.8705
81 1.00625 2.10448 1.153
82 1.01875 2.31116 1.471
83 1.03125 2.39023 1.808
84 1.04375 2.36794 2.15
85 1.05625 2.3528 2.498
86 1.06875 2.60185 2.892
87 1.08125 2.50333 3.28
88 1.09375 2.38339 3.658
89 1.10625 2.23429 4.0205
90 1.11875 2.32024 4.4055
91 1.13125 2.00107 4.745
92 1.14375 1.90856 5.076
93 1.15625 1.8252 5.3995
94 1.16875 1.71734 5.7105
95 1.18125 1.6028 6.007
96 1.19375 1.64087 6.317
97 1.20625 1.51891 6.61
98 1.21875 1.34826 6.8755
99 1.23125 1.32351 7.1415
100 1.24375 1.21903 7.3915
101 1.25625 1.20923 7.6445
102 1.26875 1.22535 7.906
103 1.28125 1.04074 8.1325
104 1.29375 1.0748 8.371
105 1.30625 1.06759 8.6125
106 1.31875 0.943353 8.83
107 1.33125 0.944874 9.052
108 1.34375 0.864716 9.259
109 1.35625 0.867304 9.4705
110 1.36875 0.855561 9.683
111 1.38125 0.798633 9.885
112 1.39375 0.71836 10.07
113 1.40625 0.759047 10.269
114 1.41875 0.747604 10.4685
115 1.43125 0.745649 10.671
116 1.44375 0.723747 10.871
117 1.45625 0.738052 11.0785
118 1.46875 0.634631 11.26
119 1.48125 0.747727 11.4775
120 1.49375 0.703151 11.6855
121 1.50625 0.671581 11.8875
122 1.51875 0.667112 12.0915
123 1.53125 0.683609 12.304
124 1.54375 0.696321 12.524
125 1.55625 0.724111 12.7565
126 1.56875 0.688097 12.981
127 1.58125 0.668211 13.2025
128 1.59375 0.678558 13.431
129 1.60625 0.706044 13.6725
130 1.61875 0.722529 13.9235
131 1.63125 0.676065 14.162
132 1.64375 0.710489 14.4165
133 1.65625 0.741051 14.686
134 1.66875 0.731345 14.956
135 1.68125 0.761874 15.2415
136 1.69375 0.801941 15.5465
137 1.70625 0.748779 15.8355
138 1.71875 0.847723 16.1675
139 1.73125 0.830493 16.4975
140 1.74375 0.886848 16.855
141 1.75625 0.935406 17.2375
142 1.76875 0.933082 17.6245
143 1.78125 0.883183 17.996
144 1.79375 0.87795 18.3705
145 1.80625 0.94098 18.7775
146 1.81875 0.988518 19.211
147 1.83125 0.97282 19.6435
148 1.84375 1.0329 20.109
149 1.85625 1.05734 20.592
150 1.86875 0.998967 21.0545
151 1.88125 1.12001 21.58
152 1.89375 1.07477 22.091
153 1.90625 1.15414 22.647
154 1.91875 1.10534 23.1865
155 1.93125 1.09411 23.7275
156 1.94375 1.1859 24.3215
157 1.95625 1.16094 24.9105
158 1.96875 1.17543 25.5145
159 1.98125 1.18467 26.131
160 1.99375 1.16891 26.747
161 2.00625 1.14971 27.3605
162 2.01875 1.13644 27.9745
163 2.03125 1.23767 28.6515
164 2.04375 1.24605 29.3415
165 2.05625 1.22113 30.026
166 2.06875 1.2214 30.719
167 2.08125 1.15279 31.381
168 2.09375 1.21048 32.0845
169 2.10625 1.13749 32.7535
170 2.11875 1.14091 33.4325
171 2.13125 1.17241 34.1385
172 2.14375 1.10953 34.8145
173 2.15625 1.10887 35.498
174 2.16875 1.09613 36.1815
175 2.18125 1.08202 36.864
176 2.19375 1.08148 37.554
177 2.20625 1.09095 38.258
178 2.21875 1.07486 38.9595
179 2.23125 1.04998 39.6525
180 2.24375 1.07726 40.3715
181 2.25625 1.06832 41.0925
182 2.26875 1.03534 41.799
183 2.28125 1.00011 42.489
184 2.29375 0.98565 43.1765
185 2.30625 0.938831 43.8385
186 2.31875 0.955392 44.5195
187 2.33125 0.979872 45.2255
188 2.34375 0.998971 45.953
189 2.35625 0.985003 46.678
190 2.36875 0.978668 47.406
191 2.38125 0.924522 48.101
192 2.39375 0.933979 48.8105
193 2.40625 0.927558 49.5225
194 2.41875 0.883828 50.208
195 2.43125 0.921341 50.93
196 2.44375 0.909413 51.65
197 2.45625 0.907682 52.376
198 2.46875 0.920172 53.1195
199 2.48125 0.868656 53.8285
200 2.49375 0.870886 54.5465
1000 200
1 0.00625 0 0
2 0.01875 0 0
3 0.03125 0 0
4 0.04375 0 0
5 0.05625 0 0
6 0.06875 0 0
7 0.08125 0 0
8 0.09375 0 0
9 0.10625 0 0
10 0.11875 0 0
11 0.13125 0 0
12 0.14375 0 0
13 0.15625 0 0
14 0.16875 0 0
15 0.18125 0 0
16 0.19375 0 0
17 0.20625 0 0
18 0.21875 0 0
19 0.23125 0 0
20 0.24375 0 0
21 0.25625 0 0
22 0.26875 0 0
23 0.28125 0 0
24 0.29375 0 0
25 0.30625 0 0
26 0.31875 0 0
27 0.33125 0 0
28 0.34375 0 0
29 0.35625 0 0
30 0.36875 0 0
31 0.38125 0 0
32 0.39375 0 0
33 0.40625 0 0
34 0.41875 0 0
35 0.43125 0 0
36 0.44375 0 0
37 0.45625 0 0
38 0.46875 0 0
39 0.48125 0 0
40 0.49375 0 0
41 0.50625 0 0
42 0.51875 0 0
43 0.53125 0 0
44 0.54375 0 0
45 0.55625 0 0
46 0.56875 0 0
47 0.58125 0 0
48 0.59375 0 0
49 0.60625 0 0
50 0.61875 0 0
51 0.63125 0 0
52 0.64375 0 0
53 0.65625 0 0
54 0.66875 0 0
55 0.68125 0 0
56 0.69375 0 0
57 0.70625 0 0
58 0.71875 0 0
59 0.73125 0 0
60 0.74375 0 0
61 0.75625 0 0
62 0.76875 0 0
63 0.78125 0 0
64 0.79375 0 0
65 0.80625 0 0
66 0.81875 0 0
67 0.83125 0 0
68 0.84375 0 0
69 0.85625 0 0
70 0.86875 0 0
71 0.88125 0.00971265 0.001
72 0.89375 0.0188857 0.003
73 0.90625 0.142355 0.0185
74 0.91875 0.192123 0.04
75 0.93125 0.408792 0.087
76 0.94375 0.584349 0.156
77 0.95625 0.845509 0.2585
78 0.96875 1.30607 0.421
79 0.98125 1.57853 0.6225
80 0.99375 2.05082 0.891
81 1.00625 2.02626 1.163
82 1.01875 2.39474 1.4925
83 1.03125 2.41151 1.8325
84 1.04375 2.37487 2.1755
85 1.05625 2.43055 2.535
86 1.06875 2.37733 2.895
87 1.08125 2.32268 3.255
88 1.09375 2.29511 3.619
89 1.10625 2.46235 4.0185
90 1.11875 2.12438 4.371
91 1.13125 2.06885 4.722
92 1.14375 1.87973 5.048
93 1.15625 1.92675 5.3895
94 1.16875 1.72838 5.7025
95 1.18125 1.77038 6.03
96 1.19375 1.62234 6.3365
97 1.20625 1.46707 6.6195
98 1.21875 1.45491 6.906
99 1.23125 1.2663 7.1605
100 1.24375 1.31167 7.4295
101 1.25625 1.20445 7.6815
102 1.26875 1.0754 7.911
103 1.28125 1.1648 8.1645
104 1.29375 1.02748 8.3925
105 1.30625 1.01675 8.6225
106 1.31875 0.902149 8.8305
107 1.33125 0.853366 9.031
108 1.34375 0.864716 9.238
109 1.35625 0.832447 9.441
110 1.36875 0.865626 9.656
111 1.38125 0.85003 9.871
112 1.39375 0.809612 10.0795
113 1.40625 0.764768 10.28
114 1.41875 0.734488 10.476
115 1.43125 0.71435 10.67
116 1.44375 0.718319 10.8685
117 1.45625 0.771842 11.0855
118 1.46875 0.757012 11.302
119 1.48125 0.735695 11.516
120 1.49375 0.662584 11.712
121 1.50625 0.651633 11.908
122 1.51875 0.662206 12.1105
123 1.53125 0.682 12.3225
124 1.54375 0.65834 12.5305
125 1.55625 0.711653 12.759
126 1.56875 0.626797 12.9635
127 1.58125 0.644077 13.177
128 1.59375 0.684497 13.4075
129 1.60625 0.681194 13.6405
130 1.61875 0.709575 13.887
131 1.63125 0.702994 14.135
132 1.64375 0.781678 14.415
133 1.65625 0.705305 14.6715
134 1.66875 0.774684 14.9575
135 1.68125 0.796565 15.256
136 1.69375 0.809829 15.564
137 1.70625 0.807075 15.8755
138 1.71875 0.810699 16.193
139 1.73125 0.799035 16.5105
140 1.74375 0.898011 16.8725
141 1.75625 0.884051 17.234
142 1.76875 0.89571 17.6055
143 1.78125 0.929541 17.9965
144 1.79375 0.934213 18.395
145 1.80625 0.947916 18.805
146 1.81875 0.950893 19.222
147 1.83125 0.991939 19.663
148 1.84375 1.02735 20.126
149 1.85625 0.998237 20.582
150 1.86875 1.06592 21.0755
151 1.88125 1.05713 21.5715
152 1.89375 1.13998 22.1135
153 1.90625 1.10432 22.6455
154 1.91875 1.11559 23.19
155 1.93125 1.10625 23.737
156 1.94375 1.20187 24.339
157 1.95625 1.09983 24.897
158 1.96875 1.23965 25.534
159 1.98125 1.17698 26.1465
160 1.99375 1.18884 26.773
161 2.00625 1.20593 27.4165
162 2.01875 1.1133 28.018
163 2.03125 1.16271 28.654
164 2.04375 1.21896 29.329
165 2.05625 1.23987 30.024
166 2.06875 1.17029 30.688
167 2.08125 1.20068 31.3775
168 2.09375 1.17262 32.059
169 2.10625 1.13239 32.725
170 2.11875 1.17032 33.4215
171 2.13125 1.18237 34.1335
172 2.14375 1.144 34.8305
173 2.15625 1.12348 35.523
174 2.16875 1.13382 36.23
175 2.18125 1.08519 36.9145
176 2.19375 1.13947 37.6415
177 2.20625 1.09792 38.35
178 2.21875 1.10168 39.069
179 2.23125 1.08558 39.7855
180 2.24375 1.07651 40.504
181 2.25625 0.982384 41.167
182 2.26875 1.0324 41.8715
183 2.28125 0.99938 42.561
184 2.29375 0.972747 43.2395
185 2.30625 0.960813 43.917
186 2.31875 0.961004 44.602
187 2.33125 0.999303 45.322
188 2.34375 0.977 46.0335
189 2.35625 0.937451 46.7235
190 2.36875 0.931616 47.4165
191 2.38125 0.933168 48.118
192 2.39375 0.905019 48.8055
193 2.40625 0.909319 49.5035
194 2.41875 0.908325 50.208
195 2.43125 0.869659 50.8895
196 2.44375 0.919518 51.6175
197 2.45625 0.895805 52.334
198 2.46875 0.892326 53.055
199 2.48125 0.913987 53.801
200 2.49375 0.920009 54.5595
